ISO,Year,AGVA
ABW,2000,0.0
ABW,2001,0.0
ABW,2002,0.0
ABW,2003,0.0
ABW,2004,0.0
ABW,2005,0.0
ABW,2006,0.0
ABW,2007,0.0
ABW,2008,0.0
ABW,2009,0.0
ABW,2010,0.0
ABW,2011,0.0
ABW,2012,0.0
ABW,2013,0.0
ABW,2014,0.0
ABW,2015,0.0
ABW,2016,0.0
ABW,2017,0.0
ABW,2018,0.0
ABW,2019,0.0
AFG,2000,3524212368.71544
AFG,2001,3524212368.71544
AFG,2002,3524212368.71544
AFG,2003,3622830768.2193
AFG,2004,2817245219.04069
AFG,2005,3315844185.05257
AFG,2006,3146429376.79179
AFG,2007,3608968537.41894
AFG,2008,3070642889.49297
AFG,2009,4439012095.60165
AFG,2010,4156019104.80349
AFG,2011,3840480688.49077
AFG,2012,4540400206.66313
AFG,2013,4540639369.18515
AFG,2014,4536066713.18543
AFG,2015,4279451537.5173
AFG,2016,4535009764.28966
AFG,2017,4825751915.85605
AFG,2018,4612679943.3096
AFG,2019,5418045779.5864
AGO,2000,2848249210.22439
AGO,2001,2848249210.22439
AGO,2002,2848249210.22439
AGO,2003,3076759755.93363
AGO,2004,3355917127.55444
AGO,2005,3508582299.83375
AGO,2006,4080590245.52941
AGO,2007,4308177934.93698
AGO,2008,4512944416.8208
AGO,2009,4771654900.80208
AGO,2010,5179054574.41704
AGO,2011,5653258847.73572
AGO,2012,6055226867.49296
AGO,2013,6298626982.53682
AGO,2014,7389781009.63343
AGO,2015,8144591347.2775
AGO,2016,8461188997.95781
AGO,2017,8500990460.88746
AGO,2018,7857104929.05944
AGO,2019,7510691979.01938
ALB,2000,1490833682.22981
ALB,2001,1530982852.12749
ALB,2002,1562333587.75124
ALB,2003,1608322166.98046
ALB,2004,1709774250.36771
ALB,2005,1721376193.18718
ALB,2006,1775057387.06765
ALB,2007,1823273728.44542
ALB,2008,1952206194.99627
ALB,2009,1989393322.90694
ALB,2010,2141580308.0144
ALB,2011,2243798778.26893
ALB,2012,2364835145.26127
ALB,2013,2391677253.24948
ALB,2014,2438600911.77536
ALB,2015,2457325386.26256
ALB,2016,2507636395.12588
ALB,2017,2528583664.93349
ALB,2018,2558343318.05853
ALB,2019,2568326518.85276
AND,2000,0.0
AND,2001,0.0
AND,2002,0.0
AND,2003,0.0
AND,2004,0.0
AND,2005,0.0
AND,2006,0.0
AND,2007,0.0
AND,2008,0.0
AND,2009,0.0
AND,2010,0.0
AND,2011,0.0
AND,2012,0.0
AND,2013,0.0
AND,2014,0.0
AND,2015,0.0
AND,2016,0.0
AND,2017,0.0
AND,2018,0.0
AND,2019,0.0
ARE,2000,3312876665.36088
ARE,2001,3312876665.36088
ARE,2002,3419229260.26955
ARE,2003,3312665383.3497
ARE,2004,3247377880.36587
ARE,2005,3117041577.59581
ARE,2006,2847669212.63532
ARE,2007,2795205348.64646
ARE,2008,2490759597.98776
ARE,2009,2480532040.07285
ARE,2010,2212389380.53097
ARE,2011,2330407443.72966
ARE,2012,2383336269.74211
ARE,2013,2395665782.77046
ARE,2014,2391685816.77093
ARE,2015,2423162370.62316
ARE,2016,2506177983.76471
ARE,2017,2589157788.70357
ARE,2018,2729006804.99059
ARE,2019,2801885891.57456
ARG,2000,22058641210.864
ARG,2001,22387563394.6982
ARG,2002,21794179535.1127
ARG,2003,23269736597.5177
ARG,2004,23358935261.9141
ARG,2005,27747724013.2104
ARG,2006,27601895624.8531
ARG,2007,29958430353.5939
ARG,2008,29303592590.6087
ARG,2009,21654928123.2901
ARG,2010,30213817111.0998
ARG,2011,29480079640.6177
ARG,2012,25684474254.8533
ARG,2013,28632183665.8799
ARG,2014,29520999141.1149
ARG,2015,31747461596.3351
ARG,2016,30249951816.9753
ARG,2017,31292082203.6814
ARG,2018,26591311347.7487
ARG,2019,32246901167.0112
ARM,2000,0.0
ARM,2001,0.0
ARM,2002,0.0
ARM,2003,0.0
ARM,2004,0.0
ARM,2005,0.0
ARM,2006,0.0
ARM,2007,0.0
ARM,2008,0.0
ARM,2009,0.0
ARM,2010,0.0
ARM,2011,0.0
ARM,2012,0.0
ARM,2013,0.0
ARM,2014,0.0
ARM,2015,0.0
ARM,2016,0.0
ARM,2017,0.0
ARM,2018,0.0
ARM,2019,0.0
ASM,2000,0.0
ASM,2001,0.0
ASM,2002,0.0
ASM,2003,0.0
ASM,2004,0.0
ASM,2005,0.0
ASM,2006,0.0
ASM,2007,0.0
ASM,2008,0.0
ASM,2009,0.0
ASM,2010,0.0
ASM,2011,0.0
ASM,2012,0.0
ASM,2013,0.0
ASM,2014,0.0
ASM,2015,0.0
ASM,2016,0.0
ASM,2017,0.0
ASM,2018,0.0
ASM,2019,0.0
ATG,2000,17306827.2020218
ATG,2001,16937158.0614733
ATG,2002,18974846.4947408
ATG,2003,20110902.8778899
ATG,2004,19718692.9360884
ATG,2005,22026870.9843914
ATG,2006,23280139.5340559
ATG,2007,23063747.8420275
ATG,2008,21476875.4338192
ATG,2009,18460916.2261733
ATG,2010,18762962.962963
ATG,2011,21319089.8250485
ATG,2012,21643677.3630911
ATG,2013,23311696.6558101
ATG,2014,19362548.2762917
ATG,2015,19867462.224358
ATG,2016,20611308.6657056
ATG,2017,23694890.2771104
ATG,2018,23947347.2511435
ATG,2019,24587506.0067275
AUS,2000,20876213795.8503
AUS,2001,21676517457.0283
AUS,2002,22360851721.1059
AUS,2003,17530324457.726
AUS,2004,22003183729.0587
AUS,2005,22945865659.9441
AUS,2006,23601494627.7097
AUS,2007,20051797685.7703
AUS,2008,21674795139.2496
AUS,2009,25377204257.5687
AUS,2010,25187175195.9834
AUS,2011,26060390309.7939
AUS,2012,26314145129.1918
AUS,2013,26122393749.8277
AUS,2014,26421502937.3986
AUS,2015,26798116425.0117
AUS,2016,24817450979.4851
AUS,2017,27189656666.7071
AUS,2018,26464560881.8665
AUS,2019,23784060312.2539
AUT,2000,4796894602.08843
AUT,2001,4764170245.78258
AUT,2002,4687175002.39856
AUT,2003,4571985268.20199
AUT,2004,4964277962.25828
AUT,2005,4849584260.40992
AUT,2006,4777067086.83617
AUT,2007,5227216442.84118
AUT,2008,5602313348.82602
AUT,2009,5232176766.32333
AUT,2010,4966565222.5306
AUT,2011,5674513612.84396
AUT,2012,5263991729.99078
AUT,2013,5107149057.2205
AUT,2014,5249110759.54433
AUT,2015,5359243719.52438
AUT,2016,5479517785.29015
AUT,2017,5767946817.10077
AUT,2018,5971457866.63227
AUT,2019,5925216628.83757
AZE,2000,1846808167.15588
AZE,2001,2051803863.94185
AZE,2002,2183108407.05062
AZE,2003,2305553301.05689
AZE,2004,2420728739.38932
AZE,2005,2602237960.74556
AZE,2006,2625636521.19574
AZE,2007,2730589287.48683
AZE,2008,2897559597.49538
AZE,2009,2998650465.45974
AZE,2010,2933225364.39517
AZE,2011,3102694549.7916
AZE,2012,3307829502.08783
AZE,2013,3469574890.83081
AZE,2014,3379842547.35682
AZE,2015,3602469627.36823
AZE,2016,3696291039.65875
AZE,2017,3851675654.68712
AZE,2018,4028641466.2472
AZE,2019,4324190273.48683
BDI,2000,900652855.512823
BDI,2001,869643934.414167
BDI,2002,906468036.191678
BDI,2003,874616325.356394
BDI,2004,872523033.370594
BDI,2005,815281971.432564
BDI,2006,841282717.525319
BDI,2007,762715532.921533
BDI,2008,777696521.886919
BDI,2009,768543400.279553
BDI,2010,780960656.21216
BDI,2011,770353871.544969
BDI,2012,786795131.129543
BDI,2013,853011135.39435
BDI,2014,822475951.688851
BDI,2015,797801673.138185
BDI,2016,780250036.329145
BDI,2017,782590786.368753
BDI,2018,806068353.489506
BDI,2019,831056430.155171
BEL,2000,3135141067.74223
BEL,2001,2912229969.91142
BEL,2002,3214464076.01736
BEL,2003,3108655249.72494
BEL,2004,3331969684.88596
BEL,2005,3241353231.36487
BEL,2006,3528798302.02969
BEL,2007,3519252651.88132
BEL,2008,3540629530.38259
BEL,2009,3322155143.18412
BEL,2010,3679780909.30592
BEL,2011,3754801652.72546
BEL,2012,3761255050.00886
BEL,2013,3227908653.69112
BEL,2014,3235706508.74189
BEL,2015,3845552552.02328
BEL,2016,3571955396.36243
BEL,2017,3727240268.49427
BEL,2018,3161761331.53626
BEL,2019,3108520803.9482
BEN,2000,1605452359.57839
BEN,2001,1745781824.53921
BEN,2002,1798807242.64062
BEN,2003,1830717877.33649
BEN,2004,1961030262.21164
BEN,2005,1989007227.94232
BEN,2006,2129584403.32742
BEN,2007,2258031979.45055
BEN,2008,2305350599.36646
BEN,2009,2484761108.98431
BEN,2010,2464041236.3279
BEN,2011,2487496319.45822
BEN,2012,2622926585.21292
BEN,2013,2783174913.32293
BEN,2014,3012989534.15612
BEN,2015,3013674821.11456
BEN,2016,3283886767.29389
BEN,2017,3532283660.13385
BEN,2018,3791167164.02061
BEN,2019,3986775451.20556
BFA,2000,1702857359.33228
BFA,2001,1841285327.23827
BFA,2002,1824971845.28134
BFA,2003,1994020894.29584
BFA,2004,1890874725.83147
BFA,2005,2121768822.5454
BFA,2006,2156699254.61584
BFA,2007,2045799057.05723
BFA,2008,2375846387.27154
BFA,2009,2130464418.19227
BFA,2010,2440804392.65367
BFA,2011,2385668486.61122
BFA,2012,2588882159.57829
BFA,2013,2749598657.67986
BFA,2014,2870673823.77575
BFA,2015,2778096364.69324
BFA,2016,2895485883.30134
BFA,2017,2889514077.70228
BFA,2018,3273575556.48689
BFA,2019,3330626259.27313
BGD,2000,12966946201.5148
BGD,2001,13324565088.8455
BGD,2002,13308722029.3142
BGD,2003,13838921701.0172
BGD,2004,14527202353.4797
BGD,2005,15163850456.5286
BGD,2006,16005856276.9821
BGD,2007,17077047612.6085
BGD,2008,17844467569.4041
BGD,2009,18462972601.8145
BGD,2010,19598804913.9026
BGD,2011,20472199979.1402
BGD,2012,21089287650.2272
BGD,2013,21609114872.6952
BGD,2014,22553837294.5821
BGD,2015,23304514944.5716
BGD,2016,23953841175.3989
BGD,2017,24666429239.7555
BGD,2018,25698785815.7681
BGD,2019,26706301357.6724
BGR,2000,2671847022.47404
BGR,2001,2688553950.93616
BGR,2002,2828666498.83806
BGR,2003,2783088413.79478
BGR,2004,2885648547.74295
BGR,2005,2641504978.47927
BGR,2006,2619025113.68617
BGR,2007,1910076805.10293
BGR,2008,2517378483.91674
BGR,2009,2294004859.33841
BGR,2010,2020117097.6039
BGR,2011,2140046221.22346
BGR,2012,1902595027.81857
BGR,2013,1968528662.26706
BGR,2014,2107305217.05226
BGR,2015,1939905711.19223
BGR,2016,2088520376.84039
BGR,2017,2275507613.76757
BGR,2018,2229514593.86696
BGR,2019,2320222375.31056
BHR,2000,76276595.7446809
BHR,2001,76276595.7446809
BHR,2002,76276595.7446809
BHR,2003,76276595.7446809
BHR,2004,76276595.7446809
BHR,2005,76276595.7446809
BHR,2006,76276595.7446809
BHR,2007,74654255.3191489
BHR,2008,76648936.1702128
BHR,2009,83696808.5106383
BHR,2010,76542553.1914894
BHR,2011,77765957.4468085
BHR,2012,79388297.8723404
BHR,2013,80558510.6382979
BHR,2014,89707446.8085106
BHR,2015,86914893.6170213
BHR,2016,92952127.6595745
BHR,2017,92154255.319149
BHR,2018,95611702.1276596
BHR,2019,95744680.8510638
BHS,2000,112632919.768404
BHS,2001,116756989.247312
BHS,2002,130687179.48718
BHS,2003,143334325.889165
BHS,2004,133344913.151365
BHS,2005,120881058.72622
BHS,2006,109333664.185277
BHS,2007,102368569.065343
BHS,2008,105942762.61373
BHS,2009,109425310.173697
BHS,2010,110800000.0
BHS,2011,102185277.088503
BHS,2012,105392886.683209
BHS,2013,85780645.1612903
BHS,2014,80648469.8097601
BHS,2015,81198345.7402812
BHS,2016,85414061.2076096
BHS,2017,80923407.7750207
BHS,2018,72308684.8635236
BHS,2019,63693961.9520264
BIH,2000,1100382813.28524
BIH,2001,1100382813.28524
BIH,2002,1100382813.28524
BIH,2003,1100382813.28524
BIH,2004,1100382813.28524
BIH,2005,1100382813.28524
BIH,2006,1163314693.08555
BIH,2007,1188204004.36741
BIH,2008,1238652217.06711
BIH,2009,1215666792.92452
BIH,2010,1167464617.05153
BIH,2011,1165387416.7061
BIH,2012,1033192289.05751
BIH,2013,1195974959.23112
BIH,2014,1044589391.07596
BIH,2015,1140562058.63685
BIH,2016,1227234010.4885
BIH,2017,1127832811.19982
BIH,2018,1229846499.22344
BIH,2019,1204788990.99243
BLR,2000,3155112264.59045
BLR,2001,3199944537.65811
BLR,2002,3292464798.27224
BLR,2003,3541755562.20602
BLR,2004,4010924651.1185
BLR,2005,4109495830.5471
BLR,2006,4353697917.83322
BLR,2007,4562905112.43685
BLR,2008,4955613627.24446
BLR,2009,4969657242.51506
BLR,2010,5087948976.1665
BLR,2011,5427544042.02161
BLR,2012,5774652035.79866
BLR,2013,5532794399.38223
BLR,2014,5685344079.60688
BLR,2015,5548060332.71453
BLR,2016,5766497033.43488
BLR,2017,6020196624.80668
BLR,2018,5812773539.2487
BLR,2019,5986382894.04501
BLZ,2000,114649024.451273
BLZ,2001,114131952.180275
BLZ,2002,114790044.161545
BLZ,2003,159352272.607551
BLZ,2004,174441381.606673
BLZ,2005,179847137.167106
BLZ,2006,168236514.354697
BLZ,2007,133498659.057653
BLZ,2008,146566485.542874
BLZ,2009,148822800.907229
BLZ,2010,160621450.0
BLZ,2011,153617471.056482
BLZ,2012,163300824.495171
BLZ,2013,173172204.214223
BLZ,2014,177355788.952297
BLZ,2015,155168687.869476
BLZ,2016,121605996.8247
BLZ,2017,133451652.487562
BLZ,2018,128280929.777583
BLZ,2019,127387804.945859
BMU,2000,18981000.0
BMU,2001,18981000.0
BMU,2002,18981000.0
BMU,2003,18981000.0
BMU,2004,18981000.0
BMU,2005,18981000.0
BMU,2006,18981000.0
BMU,2007,18981000.0
BMU,2008,18981000.0
BMU,2009,18981000.0
BMU,2010,18981000.0
BMU,2011,19845894.4018516
BMU,2012,17830553.1607117
BMU,2013,19426718.0674092
BMU,2014,12876401.417619
BMU,2015,13152801.533343
BMU,2016,19070692.7527846
BMU,2017,18129834.0807175
BMU,2018,15627589.3244612
BMU,2019,15826194.7056271
BOL,2000,1574333842.64429
BOL,2001,1628819567.62831
BOL,2002,1636105400.49704
BOL,2003,1778657168.95425
BOL,2004,1783064929.41563
BOL,2005,1871912163.97081
BOL,2006,1951645667.69114
BOL,2007,1941774523.30881
BOL,2008,1992551943.63854
BOL,2009,2065916040.2997
BOL,2010,2041578158.51302
BOL,2011,2103966189.06279
BOL,2012,2191268969.71295
BOL,2013,2293932596.9046
BOL,2014,2381562171.88538
BOL,2015,2503405127.56725
BOL,2016,2581848171.13769
BOL,2017,2778032473.94295
BOL,2018,2970034750.42455
BOL,2019,3127436105.46315
BRA,2000,61015383753.9791
BRA,2001,64188391314.2337
BRA,2002,69336409959.0723
BRA,2003,75095729422.4647
BRA,2004,76593982037.2897
BRA,2005,77451885345.6116
BRA,2006,81045205718.5084
BRA,2007,83676744372.442
BRA,2008,88505701853.115
BRA,2009,85205607548.8858
BRA,2010,90911778080.9459
BRA,2011,96037971805.3661
BRA,2012,93077848851.7508
BRA,2013,100860501080.036
BRA,2014,103675310311.505
BRA,2015,107111453728.968
BRA,2016,101515718167.349
BRA,2017,115882614654.388
BRA,2018,117466563665.302
BRA,2019,118936938040.018
BRB,2000,0.0
BRB,2001,0.0
BRB,2002,0.0
BRB,2003,0.0
BRB,2004,0.0
BRB,2005,0.0
BRB,2006,0.0
BRB,2007,0.0
BRB,2008,0.0
BRB,2009,0.0
BRB,2010,0.0
BRB,2011,0.0
BRB,2012,0.0
BRB,2013,0.0
BRB,2014,0.0
BRB,2015,0.0
BRB,2016,0.0
BRB,2017,0.0
BRB,2018,0.0
BRB,2019,0.0
BRN,2000,80398166.483315
BRN,2001,85097689.7689769
BRN,2002,89506050.6050605
BRN,2003,99623469.013568
BRN,2004,111568096.809681
BRN,2005,113026549.321599
BRN,2006,101877814.448111
BRN,2007,97326292.6292629
BRN,2008,100967510.084342
BRN,2009,106732746.607994
BRN,2010,100476714.3381
BRN,2011,98276494.3160983
BRN,2012,105610561.056106
BRN,2013,104877154.382105
BRN,2014,109277594.426109
BRN,2015,116611661.166117
BRN,2016,112343527.686102
BRN,2017,110594866.153282
BRN,2018,108852145.214521
BRN,2019,107313898.056472
BTN,2000,185867463.079079
BTN,2001,196070510.193587
BTN,2002,201632043.438501
BTN,2003,205908308.817064
BTN,2004,210335578.584638
BTN,2005,212504303.234137
BTN,2006,218245786.58813
BTN,2007,219801599.96957
BTN,2008,221001464.109206
BTN,2009,227007546.437656
BTN,2010,228840120.89455
BTN,2011,234190015.915141
BTN,2012,239430516.270273
BTN,2013,244838330.837542
BTN,2014,250059453.741564
BTN,2015,261711995.230475
BTN,2016,272769473.103666
BTN,2017,280811468.653853
BTN,2018,292741249.029384
BTN,2019,296548078.991634
BWA,2000,209457385.813314
BWA,2001,232893605.143288
BWA,2002,185184887.116475
BWA,2003,222453350.74793
BWA,2004,223504431.529734
BWA,2005,217909946.933036
BWA,2006,246952256.785555
BWA,2007,277167132.295709
BWA,2008,282638010.722572
BWA,2009,300648775.873243
BWA,2010,318136805.22845
BWA,2011,318693685.698552
BWA,2012,291502857.570159
BWA,2013,295378747.273832
BWA,2014,294341760.858918
BWA,2015,295282248.793719
BWA,2016,297020343.273932
BWA,2017,302776433.759012
BWA,2018,310745543.816454
BWA,2019,310284957.855889
CAF,2000,777517997.54698
CAF,2001,777517997.54698
CAF,2002,777517997.54698
CAF,2003,777517997.54698
CAF,2004,777517997.54698
CAF,2005,777517997.54698
CAF,2006,777517997.54698
CAF,2007,777517997.54698
CAF,2008,777517997.54698
CAF,2009,777517997.54698
CAF,2010,800548834.131679
CAF,2011,829924571.598757
CAF,2012,846206740.881287
CAF,2013,469718780.41432
CAF,2014,462923968.378462
CAF,2015,465579597.802323
CAF,2016,489062652.777184
CAF,2017,504710331.971476
CAF,2018,521979998.554972
CAF,2019,584336784.143251
CAN,2000,20843174997.7572
CAN,2001,20843174997.7572
CAN,2002,20843174997.7572
CAN,2003,20843174997.7572
CAN,2004,20843174997.7572
CAN,2005,20843174997.7572
CAN,2006,20843174997.7572
CAN,2007,20843174997.7572
CAN,2008,22344978702.2939
CAN,2009,21209384941.911
CAN,2010,21485924716.2237
CAN,2011,22364144797.7731
CAN,2012,22655059317.2445
CAN,2013,26526618934.4117
CAN,2014,24758542634.8205
CAN,2015,25836638108.7657
CAN,2016,26899674358.935
CAN,2017,27234396898.3025
CAN,2018,27504776365.0603
CAN,2019,28085920925.386
CHE,2000,4443361752.62292
CHE,2001,4107106340.4045
CHE,2002,4113375729.68442
CHE,2003,3682038352.24954
CHE,2004,4163825075.18965
CHE,2005,4004317779.34034
CHE,2006,3934928239.14527
CHE,2007,4062094615.02382
CHE,2008,4132231993.01957
CHE,2009,4219785598.6359
CHE,2010,4081334699.27307
CHE,2011,4394943734.51073
CHE,2012,4235347792.06209
CHE,2013,3993208662.95684
CHE,2014,4287908624.11933
CHE,2015,4009830843.37921
CHE,2016,3863363085.07103
CHE,2017,3896458444.185
CHE,2018,4093307648.47552
CHE,2019,4164058008.27512
CHL,2000,4898220867.71585
CHL,2001,5109099655.33461
CHL,2002,5320270060.83827
CHL,2003,5426660975.6383
CHL,2004,6145583628.18385
CHL,2005,6927204656.46549
CHL,2006,7547505675.15036
CHL,2007,7718714596.22646
CHL,2008,8246029858.81205
CHL,2009,7827598277.10087
CHL,2010,7902076684.29465
CHL,2011,8771919856.78439
CHL,2012,8421309199.62418
CHL,2013,8416196010.08109
CHL,2014,8431584475.24656
CHL,2015,8959685694.63141
CHL,2016,9162366283.71422
CHL,2017,9365096297.04623
CHL,2018,9520363694.26034
CHL,2019,9372238236.10928
CIV,2000,6560861111.42032
CIV,2001,6560861111.42032
CIV,2002,6560861111.42032
CIV,2003,6560861111.42032
CIV,2004,6560861111.42032
CIV,2005,6560861111.42032
CIV,2006,6560861111.42032
CIV,2007,6560861111.42032
CIV,2008,6560861111.42032
CIV,2009,6367908962.75475
CIV,2010,6109981460.98288
CIV,2011,6547207597.22359
CIV,2012,6373230964.30709
CIV,2013,6638182184.69192
CIV,2014,7712420591.16598
CIV,2015,7934412573.3932
CIV,2016,7614529214.59552
CIV,2017,7862196646.51759
CIV,2018,8276233031.08746
CIV,2019,8575536279.95249
CMR,2000,2732260283.65428
CMR,2001,2903085144.97539
CMR,2002,2990336991.52407
CMR,2003,2923086838.83775
CMR,2004,3154499341.47657
CMR,2005,3202184353.15652
CMR,2006,3180057331.34338
CMR,2007,3324695860.23863
CMR,2008,3454794178.99338
CMR,2009,3482180024.69464
CMR,2010,3681410638.72401
CMR,2011,3777433205.998
CMR,2012,3915685472.34141
CMR,2013,4190725579.3413
CMR,2014,4449967254.61063
CMR,2015,4685377050.46354
CMR,2016,4921388658.83254
CMR,2017,5079526029.49252
CMR,2018,5337279685.47088
CMR,2019,5484654756.6533
COD,2000,3987126734.92961
COD,2001,3927048049.37578
COD,2002,3784321436.60504
COD,2003,3809433691.41325
COD,2004,3870783883.53965
COD,2005,3889427348.65992
COD,2006,4108705014.63211
COD,2007,4222247330.83627
COD,2008,4339310009.43435
COD,2009,4460004914.71371
COD,2010,4621208405.2175
COD,2011,4786276042.02263
COD,2012,4951550802.79816
COD,2013,5161783746.94999
COD,2014,5406441009.29844
COD,2015,5658211438.61444
COD,2016,5842672415.03766
COD,2017,5936764241.85357
COD,2018,6030197373.27222
COD,2019,6219773099.63707
COG,2000,347714223.311898
COG,2001,375609940.662343
COG,2002,407827529.714972
COG,2003,433365862.500591
COG,2004,454189426.156557
COG,2005,474227194.957582
COG,2006,480829962.972372
COG,2007,474256361.023517
COG,2008,508520668.755213
COG,2009,511195432.130884
COG,2010,531002479.212068
COG,2011,557457917.440901
COG,2012,645643650.4004
COG,2013,669409877.821066
COG,2014,667750681.540793
COG,2015,646725437.941321
COG,2016,646541338.367058
COG,2017,704036613.926358
COG,2018,693027214.373984
COG,2019,708446172.174099
COK,2000,0.0
COK,2001,0.0
COK,2002,0.0
COK,2003,0.0
COK,2004,0.0
COK,2005,0.0
COK,2006,0.0
COK,2007,0.0
COK,2008,0.0
COK,2009,0.0
COK,2010,0.0
COK,2011,0.0
COK,2012,0.0
COK,2013,0.0
COK,2014,0.0
COK,2015,0.0
COK,2016,0.0
COK,2017,0.0
COK,2018,0.0
COK,2019,0.0
COL,2000,14812417228.8527
COL,2001,15074247928.0392
COL,2002,15760244359.8561
COL,2003,16247249460.3239
COL,2004,16730981677.0502
COL,2005,17201741578.3279
COL,2006,17568382935.1374
COL,2007,18259011827.5433
COL,2008,18111992273.5751
COL,2009,18069792216.4176
COL,2010,18124697667.1279
COL,2011,18470919641.4418
COL,2012,18933305213.9527
COL,2013,20344511426.4247
COL,2014,20936673518.7963
COL,2015,21836941404.8235
COL,2016,22434548665.8606
COL,2017,23685576166.7562
COL,2018,24250058651.745
COL,2019,24707024171.3366
COM,2000,214871307.884235
COM,2001,219882689.243558
COM,2002,224994055.841611
COM,2003,229729720.330501
COM,2004,234138160.401732
COM,2005,240782633.993628
COM,2006,247157450.426529
COM,2007,250593306.811942
COM,2008,256107644.220629
COM,2009,268911814.489373
COM,2010,276171348.792239
COM,2011,281970492.638518
COM,2012,277743843.91043
COM,2013,292462882.99362
COM,2014,289245176.219979
COM,2015,287687830.380382
COM,2016,293141570.674689
COM,2017,304239932.173603
COM,2018,312511438.286634
COM,2019,312677945.322696
CPV,2000,101653608.916543
CPV,2001,93245949.8451704
CPV,2002,90176973.7189296
CPV,2003,91963678.1966606
CPV,2004,97545458.6565363
CPV,2005,93848155.0274013
CPV,2006,94115049.22133
CPV,2007,123907815.336208
CPV,2008,125089899.542481
CPV,2009,138244074.799484
CPV,2010,132974724.593677
CPV,2011,139905355.64335
CPV,2012,152411387.739429
CPV,2013,150398268.34849
CPV,2014,150145093.054008
CPV,2015,162300426.763657
CPV,2016,156620244.348672
CPV,2017,136996469.860759
CPV,2018,110908062.148836
CPV,2019,102805021.933822
CRI,2000,1956167215.59797
CRI,2001,1967669713.22453
CRI,2002,1918521635.27561
CRI,2003,2065636275.10767
CRI,2004,2112925200.12232
CRI,2005,2157709519.24727
CRI,2006,2354459168.62563
CRI,2007,2462879563.0463
CRI,2008,2383096941.37568
CRI,2009,2303138273.34702
CRI,2010,2454949981.12506
CRI,2011,2471767516.18116
CRI,2012,2591466580.39188
CRI,2013,2594202781.9393
CRI,2014,2634110779.60016
CRI,2015,2562266174.07091
CRI,2016,2695715132.93088
CRI,2017,2796300430.38298
CRI,2018,2846682833.26486
CRI,2019,2813820245.62513
CUB,2000,2488219696.9697
CUB,2001,2510399831.64983
CUB,2002,2447251683.50168
CUB,2003,2505833333.33333
CUB,2004,2511052188.55219
CUB,2005,2218672218.01347
CUB,2006,2084541245.79125
CUB,2007,2460559764.30976
CUB,2008,2476216329.96633
CUB,2009,2471127946.12795
CUB,2010,2325000000.0
CUB,2011,2425462962.96296
CUB,2012,2442424242.42424
CUB,2013,2557239057.23906
CUB,2014,2614646464.64647
CUB,2015,2679882154.88216
CUB,2016,2835143097.6431
CUB,2017,2796001683.50169
CUB,2018,2869065656.56566
CUB,2019,2869065656.56566
CYM,2000,10646341.9442758
CYM,2001,10646341.9442758
CYM,2002,10646341.9442758
CYM,2003,10646341.9442758
CYM,2004,10646341.9442758
CYM,2005,10646341.9442758
CYM,2006,10646341.9442758
CYM,2007,11352686.7551449
CYM,2008,11974975.4056483
CYM,2009,13198746.4324969
CYM,2010,13005108.5828411
CYM,2011,13477687.0381171
CYM,2012,13622796.7019686
CYM,2013,13858863.3232497
CYM,2014,14997983.0316846
CYM,2015,15328072.7707683
CYM,2016,15730768.3104173
CYM,2017,16122072.1454697
CYM,2018,16297537.4548451
CYM,2019,16297537.4548451
CYP,2000,720977064.828318
CYP,2001,769725573.379292
CYP,2002,803096911.043351
CYP,2003,737205355.959167
CYP,2004,759049449.821026
CYP,2005,710277078.085642
CYP,2006,626404613.548986
CYP,2007,586553095.585311
CYP,2008,538650404.348403
CYP,2009,493100888.240753
CYP,2010,530880286.358213
CYP,2011,556979981.439746
CYP,2012,531642582.526846
CYP,2013,505542887.445314
CYP,2014,430196208.405144
CYP,2015,442734986.079809
CYP,2016,515834548.588095
CYP,2017,470478589.420655
CYP,2018,453599363.648416
CYP,2019,465280392.41681
CZE,2000,3458861012.1872
CZE,2001,3450740392.94111
CZE,2002,3343952507.23288
CZE,2003,3442166691.93451
CZE,2004,3875103740.32472
CZE,2005,4235129477.7157
CZE,2006,3933342172.77199
CZE,2007,3036728221.16303
CZE,2008,3088274984.53198
CZE,2009,4021902230.73041
CZE,2010,3220923383.03248
CZE,2011,2922900141.94532
CZE,2012,3174848453.23278
CZE,2013,3120374084.64206
CZE,2014,3339282279.8553
CZE,2015,3564603324.60194
CZE,2016,3751935206.35185
CZE,2017,3609528123.7788
CZE,2018,3755664417.76529
CZE,2019,3958505636.70193
DEU,2000,24646326275.2397
DEU,2001,23808922972.7753
DEU,2002,23520253669.8378
DEU,2003,23996164533.7658
DEU,2004,31322194567.525
DEU,2005,22854490556.8455
DEU,2006,21426732862.2918
DEU,2007,26776258650.5853
DEU,2008,31824111901.1119
DEU,2009,30854078113.6637
DEU,2010,27296388043.7644
DEU,2011,26074083969.7934
DEU,2012,26825673453.2143
DEU,2013,27507037937.725
DEU,2014,30167504804.3903
DEU,2015,26006469658.9571
DEU,2016,25551356439.9254
DEU,2017,24628126767.0324
DEU,2018,21138063559.3543
DEU,2019,21913048824.3603
DJI,2000,0.0
DJI,2001,0.0
DJI,2002,0.0
DJI,2003,0.0
DJI,2004,0.0
DJI,2005,0.0
DJI,2006,0.0
DJI,2007,0.0
DJI,2008,0.0
DJI,2009,0.0
DJI,2010,0.0
DJI,2011,0.0
DJI,2012,0.0
DJI,2013,0.0
DJI,2014,0.0
DJI,2015,0.0
DJI,2016,0.0
DJI,2017,0.0
DJI,2018,0.0
DJI,2019,0.0
DMA,2000,65682827.309237
DMA,2001,62123551.2717537
DMA,2002,60640825.7028112
DMA,2003,57498528.5140562
DMA,2004,57560555.8232932
DMA,2005,57350597.0548862
DMA,2006,58063963.5876841
DMA,2007,53468275.2342704
DMA,2008,60686742.7041499
DMA,2009,61737428.647925
DMA,2010,56622222.2222222
DMA,2011,60762623.8286479
DMA,2012,65511753.6813922
DMA,2013,68513413.6546185
DMA,2014,68408460.5087015
DMA,2015,66503560.9103079
DMA,2016,72695796.519411
DMA,2017,58847228.9156626
DMA,2018,42736921.0174029
DMA,2019,49097081.6599732
DNK,2000,3841888245.08265
DNK,2001,4008373757.95041
DNK,2002,3815572854.65265
DNK,2003,3820612591.71548
DNK,2004,3918252047.84857
DNK,2005,3676594090.09976
DNK,2006,3837270575.87152
DNK,2007,4083525755.303
DNK,2008,3077169006.13058
DNK,2009,2972032058.59348
DNK,2010,3870088859.05682
DNK,2011,3454726639.28748
DNK,2012,3850296616.00938
DNK,2013,3672038149.27644
DNK,2014,4299887033.922
DNK,2015,3761524249.88498
DNK,2016,3186426130.65324
DNK,2017,3633820754.07049
DNK,2018,3458846623.37184
DNK,2019,4223503169.43004
DOM,2000,1962805418.47143
DOM,2001,2204510631.26727
DOM,2002,2258860873.21303
DOM,2003,2437545290.60425
DOM,2004,2326905166.81089
DOM,2005,2500205141.78601
DOM,2006,2702176587.45278
DOM,2007,2820839089.98497
DOM,2008,2745864783.94007
DOM,2009,3025776399.22987
DOM,2010,3262557419.05166
DOM,2011,3500669760.72609
DOM,2012,3597483339.48121
DOM,2013,3700765893.77471
DOM,2014,3790136284.99375
DOM,2015,3879072933.82746
DOM,2016,4098020923.72975
DOM,2017,4336494177.35966
DOM,2018,4574963709.0873
DOM,2019,4762023381.84935
DZA,2000,7016993701.75104
DZA,2001,7915168895.57516
DZA,2002,7820186868.82826
DZA,2003,9345123308.24978
DZA,2004,9849759966.89527
DZA,2005,10076304446.1339
DZA,2006,10892485106.2707
DZA,2007,11164797233.9275
DZA,2008,10740534939.0382
DZA,2009,13006787811.1752
DZA,2010,13644120413.9229
DZA,2011,15226838381.9379
DZA,2012,16323170745.4375
DZA,2013,17661670746.5633
DZA,2014,18103212515.2274
DZA,2015,19189405266.1411
DZA,2016,19534814560.9316
DZA,2017,19652023448.2972
DZA,2018,20339844268.9876
DZA,2019,20889020064.2502
ECU,2000,4826136861.52901
ECU,2001,5065761089.43417
ECU,2002,5155257260.57104
ECU,2003,5495877890.36856
ECU,2004,5626957370.72386
ECU,2005,6024128631.96997
ECU,2006,6283693402.08385
ECU,2007,6498565919.60278
ECU,2008,6606903676.61685
ECU,2009,6720225547.84822
ECU,2010,6769906000.0
ECU,2011,7307521701.56653
ECU,2012,7364183998.96206
ECU,2013,7857115618.61267
ECU,2014,8452773100.55345
ECU,2015,8698668324.62547
ECU,2016,8773462720.60114
ECU,2017,9258652621.85685
ECU,2018,9269299016.65216
ECU,2019,9433441149.76206
EGY,2000,20949317086.7253
EGY,2001,21745326730.5038
EGY,2002,22528266885.4461
EGY,2003,23312273278.7573
EGY,2004,23955557594.9126
EGY,2005,24735588546.9427
EGY,2006,25539163249.4606
EGY,2007,26479098637.7436
EGY,2008,27365505002.7479
EGY,2009,28233128877.3601
EGY,2010,29214083484.5735
EGY,2011,30009279544.5107
EGY,2012,30885354207.475
EGY,2013,31812642860.5756
EGY,2014,32769068789.5079
EGY,2015,33775540168.983
EGY,2016,34821521109.4538
EGY,2017,35950153113.4501
EGY,2018,37069982133.608
EGY,2019,38310704951.581
ERI,2000,0.0
ERI,2001,0.0
ERI,2002,0.0
ERI,2003,0.0
ERI,2004,0.0
ERI,2005,0.0
ERI,2006,0.0
ERI,2007,0.0
ERI,2008,0.0
ERI,2009,0.0
ERI,2010,0.0
ERI,2011,0.0
ERI,2012,0.0
ERI,2013,0.0
ERI,2014,0.0
ERI,2015,0.0
ERI,2016,0.0
ERI,2017,0.0
ERI,2018,0.0
ERI,2019,0.0
ESP,2000,34203210329.1055
ESP,2001,33904721009.8436
ESP,2002,34221538620.6391
ESP,2003,34139061308.7378
ESP,2004,33447822885.1839
ESP,2005,30926373635.6296
ESP,2006,32862626719.7889
ESP,2007,35437751680.2632
ESP,2008,34736039947.2616
ESP,2009,33649434092.0538
ESP,2010,34539665395.1156
ESP,2011,36216704070.4422
ESP,2012,32802405190.4642
ESP,2013,37353058145.5269
ESP,2014,36860812601.481
ESP,2015,38588908660.3656
ESP,2016,40430901959.4949
ESP,2017,38952856163.6762
ESP,2018,41893237791.142
ESP,2019,40934929976.6696
EST,2000,479088648.149749
EST,2001,385982585.507884
EST,2002,446813723.058173
EST,2003,490681087.939784
EST,2004,498715891.667341
EST,2005,499395710.89354
EST,2006,537304510.990295
EST,2007,682842899.772207
EST,2008,697016369.646785
EST,2009,566817036.315712
EST,2010,619472586.679287
EST,2011,670854744.313191
EST,2012,681984247.503296
EST,2013,648154362.763734
EST,2014,727609503.14519
EST,2015,747869638.069261
EST,2016,569953590.320171
EST,2017,580294198.811216
EST,2018,409536546.048446
EST,2019,631333910.193117
ETH,2000,6650154318.97726
ETH,2001,7290185564.59632
ETH,2002,7153454683.90721
ETH,2003,6403423195.4429
ETH,2004,7488471819.00091
ETH,2005,8502630914.97351
ETH,2006,9430164338.65652
ETH,2007,10321156148.1298
ETH,2008,11095394892.4254
ETH,2009,11801168560.0221
ETH,2010,12406604219.9984
ETH,2011,13525057706.6897
ETH,2012,14190774399.3424
ETH,2013,15198100508.7656
ETH,2014,16025899900.6427
ETH,2015,17047998114.1905
ETH,2016,17763985959.3836
ETH,2017,18950149167.7421
ETH,2018,19614699589.0652
ETH,2019,20366798751.4513
FIN,2000,5206408048.984
FIN,2001,5107054383.59125
FIN,2002,5102914647.53322
FIN,2003,4930425645.11525
FIN,2004,4887648372.51559
FIN,2005,5107054383.59125
FIN,2006,5211927697.06138
FIN,2007,5570704822.09075
FIN,2008,5578984294.20681
FIN,2009,5979158779.8165
FIN,2010,6027455700.49354
FIN,2011,5977778867.79716
FIN,2012,5839787665.86279
FIN,2013,5939141331.25554
FIN,2014,6346215376.96195
FIN,2015,6573900860.15367
FIN,2016,6720171534.20411
FIN,2017,6859542648.15782
FIN,2018,6703612589.97198
FIN,2019,6786407311.1326
FJI,2000,332930078.730154
FJI,2001,313979832.621398
FJI,2002,328735003.199747
FJI,2003,314558533.171338
FJI,2004,330832540.96495
FJI,2005,333653362.880005
FJI,2006,350319609.183027
FJI,2007,333159929.581293
FJI,2008,329296998.142227
FJI,2009,302654666.52056
FJI,2010,294639316.061096
FJI,2011,312458615.429182
FJI,2012,333526491.800881
FJI,2013,339784824.274608
FJI,2014,339784824.274608
FJI,2015,349711870.971681
FJI,2016,311566012.419833
FJI,2017,345169179.420863
FJI,2018,357885190.845788
FJI,2019,373768836.1794
FRA,2000,39892066057.2347
FRA,2001,38746476020.9938
FRA,2002,40953502300.2216
FRA,2003,34708405486.0364
FRA,2004,42103164813.6968
FRA,2005,39654532799.4962
FRA,2006,39737329959.2392
FRA,2007,39426501129.7375
FRA,2008,41191035557.9601
FRA,2009,43878558751.7609
FRA,2010,42388204722.983
FRA,2011,44079443579.4423
FRA,2012,40369848416.4352
FRA,2013,39592095449.2235
FRA,2014,45413703588.363
FRA,2015,45477498860.4975
FRA,2016,39855418915.5285
FRA,2017,43137454214.6064
FRA,2018,44978000058.3159
FRA,2019,44650882608.2273
FRO,2000,341139026.688715
FRO,2001,341139026.688715
FRO,2002,341139026.688715
FRO,2003,341139026.688715
FRO,2004,341139026.688715
FRO,2005,341139026.688715
FRO,2006,341139026.688715
FRO,2007,341139026.688715
FRO,2008,341139026.688715
FRO,2009,341139026.688715
FRO,2010,341139026.688715
FRO,2011,341139026.688715
FRO,2012,341139026.688715
FRO,2013,341139026.688715
FRO,2014,341139026.688715
FRO,2015,341139026.688715
FRO,2016,341139026.688715
FRO,2017,341139026.688715
FRO,2018,341139026.688715
FRO,2019,341139026.688715
FSM,2000,73390952.6020726
FSM,2001,71014389.9084514
FSM,2002,72369508.4435308
FSM,2003,74535184.7422512
FSM,2004,69057374.6360947
FSM,2005,71953495.4311194
FSM,2006,72026932.5928447
FSM,2007,76156038.4614699
FSM,2008,76063751.1191949
FSM,2009,75846450.426746
FSM,2010,73481800.0
FSM,2011,81216919.2269939
FSM,2012,80038521.1345688
FSM,2013,75530578.9985054
FSM,2014,79759302.8351751
FSM,2015,87368230.5757107
FSM,2016,83176683.4840142
FSM,2017,82445060.8514254
FSM,2018,82559863.6871349
FSM,2019,82559863.6871349
GAB,2000,557049482.854114
GAB,2001,573672055.843323
GAB,2002,552934413.916135
GAB,2003,559330064.100509
GAB,2004,556472325.16892
GAB,2005,626980962.006525
GAB,2006,646252862.529423
GAB,2007,684608513.191029
GAB,2008,638113995.911306
GAB,2009,593490141.085032
GAB,2010,562608559.152763
GAB,2011,575273035.808719
GAB,2012,602276012.994634
GAB,2013,629579444.121247
GAB,2014,690573328.522192
GAB,2015,747530664.803729
GAB,2016,834661748.747906
GAB,2017,936302464.578055
GAB,2018,1025169222.40328
GAB,2019,1105841263.08757
GBR,2000,15792061690.077
GBR,2001,14889740233.4961
GBR,2002,16806454459.1074
GBR,2003,16132587305.8289
GBR,2004,15736025264.1846
GBR,2005,16996114432.1255
GBR,2006,15944365072.0571
GBR,2007,15315038588.0421
GBR,2008,16419950434.8457
GBR,2009,15465904230.7759
GBR,2010,15388315570.2072
GBR,2011,17283477561.1422
GBR,2012,15846660376.7231
GBR,2013,15960169428.4189
GBR,2014,18169994661.3614
GBR,2015,18338102399.7033
GBR,2016,17333767648.0556
GBR,2017,18332354521.3888
GBR,2018,17715959993.9137
GBR,2019,17536358038.2782
GEO,2000,1053526335.0454
GEO,2001,1053526335.0454
GEO,2002,1053526335.0454
GEO,2003,1053526335.0454
GEO,2004,972114703.413239
GEO,2005,1085844139.85434
GEO,2006,958761152.244722
GEO,2007,988834640.026087
GEO,2008,945632032.778962
GEO,2009,884250682.851066
GEO,2010,1034674297.25635
GEO,2011,1124951521.72961
GEO,2012,1065983015.32467
GEO,2013,1207750692.67863
GEO,2014,1196038078.72502
GEO,2015,1194461380.6928
GEO,2016,1161756158.65309
GEO,2017,1072379904.48396
GEO,2018,1222076120.51421
GEO,2019,1230057343.92309
GHA,2000,7576185973.09344
GHA,2001,7576185973.09344
GHA,2002,7576185973.09344
GHA,2003,7576185973.09344
GHA,2004,7576185973.09344
GHA,2005,7576185973.09344
GHA,2006,7576185973.09344
GHA,2007,7446053107.71343
GHA,2008,7997376740.4541
GHA,2009,8575230608.70688
GHA,2010,9027708951.04895
GHA,2011,9104093641.3861
GHA,2012,9313665311.27728
GHA,2013,9842501333.96279
GHA,2014,9935305142.61166
GHA,2015,10159266289.356
GHA,2016,10454606793.1931
GHA,2017,11093241865.2268
GHA,2018,11628115828.0058
GHA,2019,12168551825.6864
GIB,2000,0.0
GIB,2001,0.0
GIB,2002,0.0
GIB,2003,0.0
GIB,2004,0.0
GIB,2005,0.0
GIB,2006,0.0
GIB,2007,0.0
GIB,2008,0.0
GIB,2009,0.0
GIB,2010,0.0
GIB,2011,0.0
GIB,2012,0.0
GIB,2013,0.0
GIB,2014,0.0
GIB,2015,0.0
GIB,2016,0.0
GIB,2017,0.0
GIB,2018,0.0
GIB,2019,0.0
GIN,2000,824736906.10274
GIN,2001,873611919.690415
GIN,2002,910400321.540515
GIN,2003,942503408.60055
GIN,2004,972731791.945228
GIN,2005,985764212.875346
GIN,2006,999234202.357249
GIN,2007,1020356539.07875
GIN,2008,1064588439.0121
GIN,2009,1001301413.88429
GIN,2010,1198325341.40775
GIN,2011,1274648530.39865
GIN,2012,1336836896.43069
GIN,2013,1408764925.11906
GIN,2014,1472039550.81979
GIN,2015,1561922648.48831
GIN,2016,1655174897.52793
GIN,2017,1961347887.33595
GIN,2018,2000879662.7083
GIN,2019,2176321208.55192
GMB,2000,367085849.166542
GMB,2001,398776991.82473
GMB,2002,326665509.044356
GMB,2003,390240712.44967
GMB,2004,416342302.942592
GMB,2005,404346568.22133
GMB,2006,336892653.743073
GMB,2007,322748039.20468
GMB,2008,422713424.320711
GMB,2009,485776310.781587
GMB,2010,543134649.435956
GMB,2011,392480757.60702
GMB,2012,418018902.102109
GMB,2013,407124148.004681
GMB,2014,356703368.069371
GMB,2015,370793695.851152
GMB,2016,369923949.50232
GMB,2017,353724404.6647
GMB,2018,366781256.360821
GMB,2019,362179321.390546
GNB,2000,298775858.87967
GNB,2001,303643803.683826
GNB,2002,302693711.623414
GNB,2003,315931150.196312
GNB,2004,310414486.619723
GNB,2005,350655482.59784
GNB,2006,348880445.011854
GNB,2007,356511829.626136
GNB,2008,367108420.912833
GNB,2009,380445465.91142
GNB,2010,383193581.656054
GNB,2011,419797666.091087
GNB,2012,419577739.189584
GNB,2013,435221338.007299
GNB,2014,407027611.515649
GNB,2015,418865452.10708
GNB,2016,441187507.504943
GNB,2017,439836435.730862
GNB,2018,442727027.485197
GNB,2019,441371241.262367
GNQ,2000,190183676.801917
GNQ,2001,190183676.801917
GNQ,2002,190183676.801917
GNQ,2003,190183676.801917
GNQ,2004,190183676.801917
GNQ,2005,190183676.801917
GNQ,2006,190183676.801917
GNQ,2007,202816670.581616
GNQ,2008,159963294.614873
GNQ,2009,146126140.683584
GNQ,2010,173156804.757048
GNQ,2011,193318768.32085
GNQ,2012,209055977.718159
GNQ,2013,225373736.237735
GNQ,2014,241556426.464427
GNQ,2015,269940773.416817
GNQ,2016,284580831.173806
GNQ,2017,276769295.265142
GNQ,2018,275020861.146821
GNQ,2019,259756819.493372
GRC,2000,10111268197.4813
GRC,2001,10054818125.2908
GRC,2002,9825324893.50467
GRC,2003,9810845811.99987
GRC,2004,9972066512.35736
GRC,2005,10329220457.1539
GRC,2006,8909911958.71827
GRC,2007,7767287098.24606
GRC,2008,7857886740.26867
GRC,2009,8247887851.78304
GRC,2010,8633680660.76119
GRC,2011,8446550541.02848
GRC,2012,9355031330.20614
GRC,2013,8703870385.59152
GRC,2014,9440319128.12897
GRC,2015,9425109020.35997
GRC,2016,8837813443.08698
GRC,2017,9722422443.56836
GRC,2018,10009068765.14
GRC,2019,9830393062.18307
GRD,2000,41580977.6460885
GRD,2001,40493943.9340307
GRD,2002,41738222.2822302
GRD,2003,44187285.165783
GRD,2004,40587909.1722001
GRD,2005,22824420.1846199
GRD,2006,29790836.5245799
GRD,2007,30281688.1985246
GRD,2008,33206787.5024879
GRD,2009,37233005.1568004
GRD,2010,34797296.2962963
GRD,2011,34252216.7354426
GRD,2012,35669529.1269751
GRD,2013,38666715.8015599
GRD,2014,53590912.1864684
GRD,2015,71736878.2536469
GRD,2016,64186132.0784013
GRD,2017,54309066.3803909
GRD,2018,55916419.9145191
GRD,2019,53241556.3312098
GRL,2000,284347717.857079
GRL,2001,284347717.857079
GRL,2002,284347717.857079
GRL,2003,284347717.857079
GRL,2004,289984175.245817
GRL,2005,319197738.304795
GRL,2006,363044753.827279
GRL,2007,316139471.204282
GRL,2008,338027417.720169
GRL,2009,300190252.662648
GRL,2010,335378104.941235
GRL,2011,321384754.894116
GRL,2012,315090414.466315
GRL,2013,302661759.214808
GRL,2014,360413221.671023
GRL,2015,287405984.957593
GRL,2016,336178232.961718
GRL,2017,351078394.765385
GRL,2018,337191728.454331
GRL,2019,337191728.454331
GTM,2000,3511492130.89645
GTM,2001,3552129471.21973
GTM,2002,3742347337.54722
GTM,2003,3836284477.32353
GTM,2004,3995517075.69333
GTM,2005,4080508127.04311
GTM,2006,4131589341.78144
GTM,2007,4374479770.76139
GTM,2008,4413211153.8555
GTM,2009,4581099747.30162
GTM,2010,4569652076.2491
GTM,2011,4799252173.15594
GTM,2012,5036308964.69234
GTM,2013,5275283531.03377
GTM,2014,5359970775.26262
GTM,2015,5500709417.9243
GTM,2016,5632104835.54968
GTM,2017,5805643734.97786
GTM,2018,5947138041.88456
GTM,2019,6082420169.68131
GUM,2000,0.0
GUM,2001,0.0
GUM,2002,0.0
GUM,2003,0.0
GUM,2004,0.0
GUM,2005,0.0
GUM,2006,0.0
GUM,2007,0.0
GUM,2008,0.0
GUM,2009,0.0
GUM,2010,0.0
GUM,2011,0.0
GUM,2012,0.0
GUM,2013,0.0
GUM,2014,0.0
GUM,2015,0.0
GUM,2016,0.0
GUM,2017,0.0
GUM,2018,0.0
GUM,2019,0.0
GUY,2000,897851852.36158
GUY,2001,931274424.775213
GUY,2002,987485116.037626
GUY,2003,970267426.78714
GUY,2004,1001157987.8645
GUY,2005,863922876.904274
GUY,2006,920133568.166682
GUY,2007,945391389.642728
GUY,2008,929724218.719277
GUY,2009,950416901.572075
GUY,2010,979357122.863465
GUY,2011,1019305361.01907
GUY,2012,1063659591.44729
GUY,2013,1106813320.09883
GUY,2014,1191754156.6452
GUY,2015,1230492003.84464
GUY,2016,1093810568.76716
GUY,2017,1232351404.24359
GUY,2018,1314075462.25815
GUY,2019,1307565228.42738
HKG,2000,173164475.413065
HKG,2001,173674783.297386
HKG,2002,169082012.338493
HKG,2003,160123273.924851
HKG,2004,160746983.561244
HKG,2005,160350077.428994
HKG,2006,155020195.081637
HKG,2007,148272790.833387
HKG,2008,123097601.873531
HKG,2009,117484215.145995
HKG,2010,122020285.228852
HKG,2011,123040900.997495
HKG,2012,119071839.674995
HKG,2013,124912029.906674
HKG,2014,117370813.393924
HKG,2015,109375989.872889
HKG,2016,107221356.583532
HKG,2017,101721371.608067
HKG,2018,99906943.5749247
HKG,2019,99510037.4426747
HND,2000,1389340408.25177
HND,2001,1418805964.60106
HND,2002,1482694831.62848
HND,2003,1517526001.43787
HND,2004,1627113218.23863
HND,2005,1589789575.96045
HND,2006,1710262099.79766
HND,2007,1805039498.36565
HND,2008,1839816286.95754
HND,2009,1803979064.62438
HND,2010,1835973347.58747
HND,2011,1955022896.23341
HND,2012,2163873962.04599
HND,2013,2238312785.26861
HND,2014,2301313425.74352
HND,2015,2361857847.89463
HND,2016,2474626365.9192
HND,2017,2730743773.2764
HND,2018,2804829118.58526
HND,2019,2775562960.03348
HRV,2000,2089455471.38346
HRV,2001,2127170974.53169
HRV,2002,2223960055.56596
HRV,2003,2062123798.87502
HRV,2004,2351809673.65903
HRV,2005,2249548437.16841
HRV,2006,2446597311.44508
HRV,2007,2328375103.78006
HRV,2008,2496583795.93807
HRV,2009,2435752569.12588
HRV,2010,2216231265.01503
HRV,2011,2156754658.42329
HRV,2012,1756138565.49024
HRV,2013,1845274292.90937
HRV,2014,1588455922.60805
HRV,2015,1626478440.09993
HRV,2016,1731594038.63656
HRV,2017,1691652324.7996
HRV,2018,1795989494.65432
HRV,2019,1818371731.04588
HTI,2000,2004215071.60883
HTI,2001,1964643381.9418
HTI,2002,1901606573.7268
HTI,2003,2105607870.04751
HTI,2004,1972439871.92685
HTI,2005,2207147405.19839
HTI,2006,2144754688.9686
HTI,2007,2350901342.08734
HTI,2008,2204885064.4529
HTI,2009,2275785320.61189
HTI,2010,2357901514.77564
HTI,2011,2382167110.31211
HTI,2012,2340922045.42231
HTI,2013,2415217109.96648
HTI,2014,2287351170.53612
HTI,2015,2194599872.24143
HTI,2016,2215979042.48948
HTI,2017,2237833527.12869
HTI,2018,2270462583.69738
HTI,2019,2265792654.71447
HUN,2000,3653573893.83715
HUN,2001,4129215491.77748
HUN,2002,3476209510.15199
HUN,2003,3564623987.63091
HUN,2004,5350919137.0462
HUN,2005,5042725638.05066
HUN,2006,4721794000.21134
HUN,2007,3775970006.69229
HUN,2008,5837634703.46163
HUN,2009,5194400296.10966
HUN,2010,4010422669.54671
HUN,2011,4659785565.16945
HUN,2012,3654131029.13449
HUN,2013,4178757120.10091
HUN,2014,4803428792.3187
HUN,2015,4793639129.23682
HUN,2016,5395858972.52404
HUN,2017,5037233875.83399
HUN,2018,5245797836.17034
HUN,2019,5266748294.00742
IDN,2000,74828617899.952
IDN,2001,77265026089.6035
IDN,2002,79929890684.5618
IDN,2003,82957731785.7445
IDN,2004,85296235017.4001
IDN,2005,87614653411.0096
IDN,2006,90555287663.8235
IDN,2007,93697943638.1872
IDN,2008,98222139684.1667
IDN,2009,102109591147.905
IDN,2010,105178671736.143
IDN,2011,109330025005.519
IDN,2012,114344461446.079
IDN,2013,119151834049.539
IDN,2014,124202297375.638
IDN,2015,128865782448.456
IDN,2016,133212076920.47
IDN,2017,138428571936.169
IDN,2018,143818656037.001
IDN,2019,149053103992.304
IMN,2000,0.0
IMN,2001,0.0
IMN,2002,0.0
IMN,2003,0.0
IMN,2004,0.0
IMN,2005,0.0
IMN,2006,0.0
IMN,2007,0.0
IMN,2008,0.0
IMN,2009,0.0
IMN,2010,0.0
IMN,2011,0.0
IMN,2012,0.0
IMN,2013,0.0
IMN,2014,0.0
IMN,2015,0.0
IMN,2016,0.0
IMN,2017,0.0
IMN,2018,0.0
IMN,2019,0.0
IRL,2000,2559645325.43075
IRL,2001,2235917575.50908
IRL,2002,2231524672.41473
IRL,2003,2343510988.21262
IRL,2004,2809666937.71583
IRL,2005,2168876733.65795
IRL,2006,1782578154.44871
IRL,2007,2003069176.67717
IRL,2008,2113286647.98441
IRL,2009,1780909785.93309
IRL,2010,2110108803.19275
IRL,2011,2456162081.10113
IRL,2012,1992590467.14173
IRL,2013,2058181417.30666
IRL,2014,2593027883.97197
IRL,2015,2745251322.79369
IRL,2016,3034992489.99866
IRL,2017,3290106832.22743
IRL,2018,2810626132.77978
IRL,2019,3494930612.30289
IRN,2000,24183543125.0789
IRN,2001,23636268369.1754
IRN,2002,26841183880.4474
IRN,2003,28169961419.3155
IRN,2004,28258805344.6167
IRN,2005,31584345393.9183
IRN,2006,34028945083.913
IRN,2007,34784862696.9557
IRN,2008,27705025053.8703
IRN,2009,29815717861.5749
IRN,2010,31639529001.8859
IRN,2011,32817362507.6661
IRN,2012,34346356286.6652
IRN,2013,36227680996.3558
IRN,2014,38186770599.7094
IRN,2015,39951889986.8004
IRN,2016,41628324465.4402
IRN,2017,42951247339.0501
IRN,2018,42545862041.0614
IRN,2019,46290454620.7925
IRQ,2000,7237342751.53365
IRQ,2001,7324083621.25345
IRQ,2002,8567789982.93739
IRQ,2003,6072334015.29903
IRQ,2004,7131361179.7654
IRQ,2005,9367383091.46049
IRQ,2006,9771595544.52965
IRQ,2007,7064964986.69951
IRQ,2008,6082770289.69102
IRQ,2009,6299294351.23074
IRQ,2010,7150625982.90598
IRQ,2011,8314137141.02736
IRQ,2012,7740507179.20695
IRQ,2013,9580849893.96596
IRQ,2014,8510307521.83866
IRQ,2015,5371426427.40948
IRQ,2016,3713369723.63921
IRQ,2017,3119301366.51085
IRQ,2018,2305163717.27112
IRQ,2019,2420421903.13467
ISL,2000,946496913.540343
ISL,2001,960146775.915395
ISL,2002,983348177.661462
ISL,2003,952372276.167953
ISL,2004,987306998.44334
ISL,2005,980083679.457034
ISL,2006,952124877.088273
ISL,2007,938351532.926878
ISL,2008,957058455.843467
ISL,2009,963336048.063689
ISL,2010,860409911.82202
ISL,2011,810675083.210808
ISL,2012,898446587.093598
ISL,2013,915887615.612035
ISL,2014,906938436.850747
ISL,2015,948609386.871473
ISL,2016,942824415.275647
ISL,2017,944868366.247571
ISL,2018,933565979.887848
ISL,2019,1094373453.00623
ISR,2000,2652482088.49149
ISR,2001,2851858105.07207
ISR,2002,2959647104.54864
ISR,2003,2792886835.3127
ISR,2004,3283043551.312
ISR,2005,3547209337.57703
ISR,2006,3504112192.07549
ISR,2007,3450563342.15351
ISR,2008,3457801251.76085
ISR,2009,3993467177.19097
ISR,2010,3611553701.21491
ISR,2011,4024886340.57802
ISR,2012,3894615501.57654
ISR,2013,3819729861.50334
ISR,2014,3656021666.64818
ISR,2015,3418442817.61986
ISR,2016,3594485692.43006
ISR,2017,3648292951.47988
ISR,2018,3552228560.64609
ISR,2019,3552228560.64609
ITA,2000,39709516597.3463
ITA,2001,38364306494.3037
ITA,2002,36653381410.6956
ITA,2003,35304261147.4834
ITA,2004,39471456845.846
ITA,2005,37549153103.6594
ITA,2006,37318453653.6549
ITA,2007,37499356063.8529
ITA,2008,38189039314.9383
ITA,2009,37611255647.5291
ITA,2010,37889797057.2554
ITA,2011,38763832859.8649
ITA,2012,38028262729.1425
ITA,2013,38407893279.7233
ITA,2014,37536502585.4638
ITA,2015,39316660505.0154
ITA,2016,39294464595.8176
ITA,2017,37815619018.7445
ITA,2018,38485751468.982
ITA,2019,37824129367.3488
JAM,2000,683422328.760159
JAM,2001,729026279.122906
JAM,2002,678502070.149094
JAM,2003,729854283.808263
JAM,2004,640477547.290771
JAM,2005,590638034.499081
JAM,2006,708628702.162473
JAM,2007,651177915.532309
JAM,2008,611019688.292488
JAM,2009,696431556.220482
JAM,2010,696590787.890743
JAM,2011,768324655.343318
JAM,2012,786142679.245522
JAM,2013,780139645.276683
JAM,2014,775983698.682871
JAM,2015,776190699.85421
JAM,2016,876076726.608928
JAM,2017,845408706.916662
JAM,2018,879898286.695192
JAM,2019,886057574.702058
JOR,2000,408321807.931357
JOR,2001,415533019.79398
JOR,2002,519128871.371138
JOR,2003,580136768.832088
JOR,2004,645063803.174896
JOR,2005,646814350.982127
JOR,2006,731363197.313448
JOR,2007,740351084.562513
JOR,2008,804180760.578401
JOR,2009,907360890.40109
JOR,2010,970085474.551736
JOR,2011,1008306841.43671
JOR,2012,914016456.168404
JOR,2013,881669994.084123
JOR,2014,948243474.608152
JOR,2015,995297155.445982
JOR,2016,1033614462.71131
JOR,2017,1082978977.48568
JOR,2018,1117225259.47575
JOR,2019,1146071489.30649
JPN,2000,81852490942.6973
JPN,2001,75386971436.316
JPN,2002,79843213814.686
JPN,2003,72064629911.1897
JPN,2004,64451982709.1224
JPN,2005,64443565634.8586
JPN,2006,63518889326.4802
JPN,2007,67341445860.0312
JPN,2008,72384478933.6986
JPN,2009,66717379541.5449
JPN,2010,62829891247.8515
JPN,2011,63545343001.3404
JPN,2012,63946957942.5434
JPN,2013,64132133686.6135
JPN,2014,62113237042.2938
JPN,2015,59327183726.7851
JPN,2016,55017639017.2273
JPN,2017,55515449151.5871
JPN,2018,56339120498.6304
JPN,2019,56339120498.6304
KAZ,2000,4663910933.96482
KAZ,2001,5461439703.74801
KAZ,2002,5636205774.39032
KAZ,2003,5760202301.45749
KAZ,2004,5754442099.80869
KAZ,2005,6163007488.62104
KAZ,2006,6532787937.9383
KAZ,2007,7114206064.87371
KAZ,2008,6673125287.81138
KAZ,2009,7553977825.88916
KAZ,2010,6677716399.17207
KAZ,2011,8447311244.25795
KAZ,2012,6977479087.91513
KAZ,2013,7758956744.9866
KAZ,2014,7859823183.7715
KAZ,2015,8134916994.7701
KAZ,2016,8574202512.78597
KAZ,2017,8848576993.13394
KAZ,2018,9184822919.05913
KAZ,2019,9175638096.14007
KEN,2000,7573148090.70311
KEN,2001,8456030747.43865
KEN,2002,8160377407.79445
KEN,2003,8358709786.50786
KEN,2004,8504840036.14767
KEN,2005,9092218163.50598
KEN,2006,9249518506.74172
KEN,2007,9720310379.28595
KEN,2008,9235921629.55633
KEN,2009,9023699735.94742
KEN,2010,9930508928.07561
KEN,2011,10165230416.0746
KEN,2012,10476916305.7219
KEN,2013,11047314334.5115
KEN,2014,11529734670.5359
KEN,2015,12145742896.4254
KEN,2016,12714387655.1133
KEN,2017,12914585078.8918
KEN,2018,13683495228.2085
KEN,2019,14173641068.3972
KGZ,2000,677752909.692664
KGZ,2001,727067084.050074
KGZ,2002,749665686.976203
KGZ,2003,773620745.836488
KGZ,2004,805402415.993419
KGZ,2005,771877360.499725
KGZ,2006,784973230.628283
KGZ,2007,797631142.172018
KGZ,2008,804511164.931577
KGZ,2009,858611845.857385
KGZ,2010,836531830.137737
KGZ,2011,851978600.783652
KGZ,2012,862605179.257596
KGZ,2013,885472186.678487
KGZ,2014,880604503.913442
KGZ,2015,934812847.727582
KGZ,2016,961606241.584895
KGZ,2017,983098796.840048
KGZ,2018,1008705912.10236
KGZ,2019,1034844070.39656
KHM,2000,2317963487.67799
KHM,2001,2400423378.93727
KHM,2002,2340717394.30468
KHM,2003,2586694905.1591
KHM,2004,2564297982.98324
KHM,2005,2967406108.70307
KHM,2006,3129993935.83676
KHM,2007,3287392902.93412
KHM,2008,3475259255.89705
KHM,2009,3663554866.89625
KHM,2010,3808509454.10694
KHM,2011,3925838772.85317
KHM,2012,4094856744.27066
KHM,2013,4159006029.19398
KHM,2014,4170717479.37627
KHM,2015,4179179902.80765
KHM,2016,4234495593.08844
KHM,2017,4308114068.30418
KHM,2018,4355413713.61711
KHM,2019,4332222470.65852
KIR,2000,36452838.7278303
KIR,2001,37353646.3613328
KIR,2002,35730079.9777185
KIR,2003,38889303.309443
KIR,2004,41101827.7002124
KIR,2005,38176168.8232983
KIR,2006,37872182.9248265
KIR,2007,37911501.5642041
KIR,2008,39217349.8678325
KIR,2009,39089417.5785143
KIR,2010,37569253.3480095
KIR,2011,40697491.2445231
KIR,2012,41565435.5376502
KIR,2013,41287036.097042
KIR,2014,43726904.3817651
KIR,2015,44307529.1847536
KIR,2016,49030812.7801985
KIR,2017,53447645.7266434
KIR,2018,53630624.1110904
KIR,2019,53630624.1110904
KNA,2000,7276852.74819834
KNA,2001,8572534.15080133
KNA,2002,10250704.5283425
KNA,2003,10403700.1183177
KNA,2004,11732849.3062278
KNA,2005,12368737.2270625
KNA,2006,9887340.00215123
KNA,2007,10207674.5186619
KNA,2008,10781407.9810692
KNA,2009,9638722.16844143
KNA,2010,9877777.77777778
KNA,2011,11297768.0972357
KNA,2012,10355888.9964505
KNA,2013,10021211.1433796
KNA,2014,10083365.601807
KNA,2015,9887340.00215123
KNA,2016,9017177.58416693
KNA,2017,11417295.9019038
KNA,2018,11838033.7743358
KNA,2019,14639765.5157578
KOR,2000,21496888424.3369
KOR,2001,21584640550.1941
KOR,2002,20933130649.2603
KOR,2003,19645675930.3503
KOR,2004,21157077250.9952
KOR,2005,21278341953.424
KOR,2006,21770309754.0438
KOR,2007,22857403736.7208
KOR,2008,24329098213.0865
KOR,2009,25456454935.8626
KOR,2010,24528982467.1882
KOR,2011,24277717556.5891
KOR,2012,24157405818.423
KOR,2013,25171518621.3148
KOR,2014,26450634902.9262
KOR,2015,26385356850.9311
KOR,2016,24898732601.1164
KOR,2017,25459869724.4706
KOR,2018,25499100086.6185
KOR,2019,26094702750.8071
KWT,2000,520935101.186322
KWT,2001,520935101.186322
KWT,2002,520935101.186322
KWT,2003,520935101.186322
KWT,2004,520935101.186322
KWT,2005,520935101.186322
KWT,2006,520935101.186322
KWT,2007,520935101.186322
KWT,2008,520935101.186322
KWT,2009,520935101.186322
KWT,2010,520935101.186322
KWT,2011,579204466.15492
KWT,2012,570830425.680391
KWT,2013,575715282.623866
KWT,2014,619330076.762038
KWT,2015,585833914.863922
KWT,2016,588974180.04187
KWT,2017,625610607.117934
KWT,2018,623247388.606012
KWT,2019,606522323.998929
LAO,2000,1134787194.06112
LAO,2001,1177565333.9475
LAO,2002,1224426885.09167
LAO,2003,1255169121.69558
LAO,2004,1298129526.51023
LAO,2005,1316499911.48766
LAO,2006,1371230704.76976
LAO,2007,1472767485.00925
LAO,2008,1523700360.99395
LAO,2009,1566819197.25959
LAO,2010,1610581348.89843
LAO,2011,1618435993.11625
LAO,2012,1663005380.18912
LAO,2013,1710133753.03238
LAO,2014,1781100953.16464
LAO,2015,1844597921.70403
LAO,2016,1895461410.34371
LAO,2017,1949950158.43288
LAO,2018,1974667836.49752
LAO,2019,1956126167.48072
LBN,2000,1379980721.65837
LBN,2001,1339961280.72968
LBN,2002,1377480196.55058
LBN,2003,1384367597.54561
LBN,2004,1474245595.95357
LBN,2005,1412756138.90547
LBN,2006,1398409545.33997
LBN,2007,1429387047.03151
LBN,2008,1350832753.56551
LBN,2009,1422695275.15755
LBN,2010,1484688069.25373
LBN,2011,1589102512.30514
LBN,2012,1570623537.4461
LBN,2013,1609402601.85738
LBN,2014,1859271791.50912
LBN,2015,1612707635.48922
LBN,2016,1714615487.69486
LBN,2017,1943767657.51244
LBN,2018,1866229338.90547
LBN,2019,1978203099.25237
LBR,2000,572752814.605851
LBR,2001,604501989.770079
LBR,2002,592478557.71062
LBR,2003,415775232.864134
LBR,2004,353794148.870366
LBR,2005,364687956.078506
LBR,2006,380133704.596693
LBR,2007,407801686.625246
LBR,2008,450819076.025056
LBR,2009,863797284.896661
LBR,2010,895104600.0
LBR,2011,930681094.435612
LBR,2012,947757811.764706
LBR,2013,971949827.980922
LBR,2014,966257588.871224
LBR,2015,966257588.871224
LBR,2016,745683323.370429
LBR,2017,737144964.705882
LBR,2018,735670674.776471
LBR,2019,738812363.847091
LBY,2000,0.0
LBY,2001,0.0
LBY,2002,0.0
LBY,2003,0.0
LBY,2004,0.0
LBY,2005,0.0
LBY,2006,0.0
LBY,2007,0.0
LBY,2008,0.0
LBY,2009,0.0
LBY,2010,0.0
LBY,2011,0.0
LBY,2012,0.0
LBY,2013,0.0
LBY,2014,0.0
LBY,2015,0.0
LBY,2016,0.0
LBY,2017,0.0
LBY,2018,0.0
LBY,2019,0.0
LCA,2000,66669474.8866192
LCA,2001,50893280.6516507
LCA,2002,57713107.2082618
LCA,2003,49453417.995065
LCA,2004,51736418.125964
LCA,2005,39639575.4672729
LCA,2006,43443154.0469764
LCA,2007,44633110.8106214
LCA,2008,54627123.3276778
LCA,2009,52993932.964153
LCA,2010,40130222.2222222
LCA,2011,39020799.7650351
LCA,2012,46121520.908283
LCA,2013,47933338.6321033
LCA,2014,43795372.5376988
LCA,2015,44827073.717724
LCA,2016,45916941.08416
LCA,2017,44594408.9720813
LCA,2018,45362728.9414093
LCA,2019,44990365.5312123
LIE,2000,0.0
LIE,2001,0.0
LIE,2002,0.0
LIE,2003,0.0
LIE,2004,0.0
LIE,2005,0.0
LIE,2006,0.0
LIE,2007,0.0
LIE,2008,0.0
LIE,2009,0.0
LIE,2010,0.0
LIE,2011,0.0
LIE,2012,0.0
LIE,2013,0.0
LIE,2014,0.0
LIE,2015,0.0
LIE,2016,0.0
LIE,2017,0.0
LIE,2018,0.0
LIE,2019,0.0
LKA,2000,3611597822.48186
LKA,2001,3484332563.27141
LKA,2002,3567400627.96014
LKA,2003,3627198089.58603
LKA,2004,3627275969.02653
LKA,2005,3693167858.16945
LKA,2006,3926744298.16609
LKA,2007,4059948226.01258
LKA,2008,4365769052.17818
LKA,2009,4506256973.67432
LKA,2010,4819499227.43213
LKA,2011,5040963621.64959
LKA,2012,5239871273.47664
LKA,2013,5409974695.85944
LKA,2014,5657793368.38707
LKA,2015,5923384646.81664
LKA,2016,5701653772.84647
LKA,2017,5679582493.17867
LKA,2018,6048014783.59697
LKA,2019,6083761846.55661
LSO,2000,137798608.45688
LSO,2001,155624623.490967
LSO,2002,109895692.527399
LSO,2003,113658251.124059
LSO,2004,112626330.504029
LSO,2005,114188711.161219
LSO,2006,102415168.305374
LSO,2007,101712719.628483
LSO,2008,121437116.346999
LSO,2009,127937705.81792
LSO,2010,108657668.242302
LSO,2011,102921015.26605
LSO,2012,111739676.396026
LSO,2013,123565620.200027
LSO,2014,104440126.718136
LSO,2015,105696010.628467
LSO,2016,161727645.588369
LSO,2017,147401242.068125
LSO,2018,117891902.209679
LSO,2019,116701253.048552
LTU,2000,1125276089.14463
LTU,2001,1051253200.32749
LTU,2002,1115889245.31416
LTU,2003,1177034241.88537
LTU,2004,1136272391.82142
LTU,2005,1156175699.66642
LTU,2006,1030469077.5307
LTU,2007,1157112051.50042
LTU,2008,1185529163.3876
LTU,2009,1202131358.95427
LTU,2010,1122990191.07303
LTU,2011,1197967203.52647
LTU,2012,1341736641.23088
LTU,2013,1300541603.48573
LTU,2014,1352778484.15108
LTU,2015,1418939571.92313
LTU,2016,1363939175.99921
LTU,2017,1362781787.37403
LTU,2018,1216831971.67421
LTU,2019,1337078207.55144
LUX,2000,323483571.490974
LUX,2001,266111551.095294
LUX,2002,364192490.358049
LUX,2003,197206896.749301
LUX,2004,215729194.879039
LUX,2005,165101441.34854
LUX,2006,154403782.158132
LUX,2007,161908156.805991
LUX,2008,117464207.630601
LUX,2009,139493815.679588
LUX,2010,131553756.817034
LUX,2011,109426405.770001
LUX,2012,138202360.322426
LUX,2013,102137273.681669
LUX,2014,119873468.550524
LUX,2015,122186026.29153
LUX,2016,109106141.47853
LUX,2017,103617976.120154
LUX,2018,101601766.830671
LUX,2019,104857440.520909
LVA,2000,742952005.984595
LVA,2001,811432947.495545
LVA,2002,866203569.051746
LVA,2003,846912554.822613
LVA,2004,877474870.453751
LVA,2005,949881271.008817
LVA,2006,914740561.645891
LVA,2007,982813255.416253
LVA,2008,930831018.267722
LVA,2009,1042281342.96191
LVA,2010,965702179.442952
LVA,2011,885226343.579532
LVA,2012,978886487.885789
LVA,2013,1013140043.50474
LVA,2014,1093793833.5115
LVA,2015,1123590684.62903
LVA,2016,1075492034.96148
LVA,2017,1094771272.81348
LVA,2018,1055370131.90134
LVA,2019,1184788591.1268
MAC,2000,0.0
MAC,2001,0.0
MAC,2002,0.0
MAC,2003,0.0
MAC,2004,0.0
MAC,2005,0.0
MAC,2006,0.0
MAC,2007,0.0
MAC,2008,0.0
MAC,2009,0.0
MAC,2010,0.0
MAC,2011,0.0
MAC,2012,0.0
MAC,2013,0.0
MAC,2014,0.0
MAC,2015,0.0
MAC,2016,0.0
MAC,2017,0.0
MAC,2018,0.0
MAC,2019,0.0
MAR,2000,6042886392.37364
MAR,2001,7194760651.72724
MAR,2002,7502630327.35655
MAR,2003,9026149013.69241
MAR,2004,9429275417.65367
MAR,2005,8382440256.20351
MAR,2006,10148337793.6136
MAR,2007,8116512545.49743
MAR,2008,9627959445.40745
MAR,2009,11933495784.6014
MAR,2010,12065532481.1101
MAR,2011,12869129762.5616
MAR,2012,11860594635.5547
MAR,2013,13974601032.8325
MAR,2014,13652165181.4615
MAR,2015,15220624518.4465
MAR,2016,13321133040.7521
MAR,2017,15063135118.9227
MAR,2018,15432094188.371
MAR,2019,14716545890.4432
MCO,2000,0.0
MCO,2001,0.0
MCO,2002,0.0
MCO,2003,0.0
MCO,2004,0.0
MCO,2005,0.0
MCO,2006,0.0
MCO,2007,0.0
MCO,2008,0.0
MCO,2009,0.0
MCO,2010,0.0
MCO,2011,0.0
MCO,2012,0.0
MCO,2013,0.0
MCO,2014,0.0
MCO,2015,0.0
MCO,2016,0.0
MCO,2017,0.0
MCO,2018,0.0
MCO,2019,0.0
MDA,2000,734626300.599064
MDA,2001,788874042.99354
MDA,2002,828878845.205468
MDA,2003,738490504.717324
MDA,2004,888858908.749889
MDA,2005,902024560.807806
MDA,2006,876577243.659706
MDA,2007,570828931.305733
MDA,2008,805021173.388955
MDA,2009,724921580.040908
MDA,2010,778493285.796286
MDA,2011,818188579.790287
MDA,2012,651383950.587341
MDA,2013,956322960.87895
MDA,2014,1038475289.62835
MDA,2015,900079285.004002
MDA,2016,1065568172.81495
MDA,2017,1156739637.65128
MDA,2018,1186260289.44143
MDA,2019,1159160564.78231
MDG,2000,2400014739.42523
MDG,2001,2496515728.3683
MDG,2002,2464273500.21118
MDG,2003,2496197495.3864
MDG,2004,2572818365.8026
MDG,2005,2637098845.37033
MDG,2006,2693667210.2343
MDG,2007,2754131131.56486
MDG,2008,2817178335.57754
MDG,2009,2971354248.66198
MDG,2010,2902782421.06271
MDG,2011,2957276935.65073
MDG,2012,3018725372.99602
MDG,2013,2866614899.47317
MDG,2014,2912075903.75834
MDG,2015,2867550336.91367
MDG,2016,2906132235.20965
MDG,2017,2943705784.8812
MDG,2018,3051590661.25478
MDG,2019,3167551106.40261
MDV,2000,134283517.082985
MDV,2001,147493138.972665
MDV,2002,174178468.553132
MDV,2003,176544786.036819
MDV,2004,177090356.226293
MDV,2005,197313009.09564
MDV,2006,201276926.164881
MDV,2007,164211979.674494
MDV,2008,154821593.403402
MDV,2009,151171582.651816
MDV,2010,145820963.30118
MDV,2011,145926746.350851
MDV,2012,145654995.871578
MDV,2013,155676993.557294
MDV,2014,155201912.659909
MDV,2015,154572263.303098
MDV,2016,156850799.845417
MDV,2017,169806681.441116
MDV,2018,177920149.670875
MDV,2019,186874610.497269
MEX,2000,28674721971.5804
MEX,2001,30209527950.7371
MEX,2002,29935669818.413
MEX,2003,31082561458.7445
MEX,2004,31815382948.8561
MEX,2005,30655583340.0
MEX,2006,32580482803.0622
MEX,2007,33958284278.3345
MEX,2008,33943124877.7613
MEX,2009,33223823981.2522
MEX,2010,34052257755.6189
MEX,2011,32770666955.5661
MEX,2012,34853730374.7812
MEX,2013,35648478421.976
MEX,2014,36985146867.9772
MEX,2015,37750361432.3914
MEX,2016,39078241499.5286
MEX,2017,40397140189.9696
MEX,2018,41315252297.8946
MEX,2019,41432945390.151
MHL,2000,12710538.6855564
MHL,2001,13171342.869188
MHL,2002,11536126.0825188
MHL,2003,12160777.9635444
MHL,2004,12741463.8905222
MHL,2005,12709048.3142328
MHL,2006,12720319.2473679
MHL,2007,13536111.2506518
MHL,2008,14248974.484396
MHL,2009,15113017.2592831
MHL,2010,16792200.0
MHL,2011,17502082.4910969
MHL,2012,20354746.3527741
MHL,2013,20468852.9072412
MHL,2014,19246934.7182622
MHL,2015,20427495.1030099
MHL,2016,20090671.1838646
MHL,2017,20450875.3031496
MHL,2018,21308677.148119
MHL,2019,21308677.148119
MKD,2000,818915598.615246
MKD,2001,724150131.433117
MKD,2002,724379102.661585
MKD,2003,801427921.041015
MKD,2004,854864081.484698
MKD,2005,859529370.26473
MKD,2006,854892702.888256
MKD,2007,874584228.536491
MKD,2008,1071241892.38681
MKD,2009,1100378481.20934
MKD,2010,952062367.969298
MKD,2011,969521424.139971
MKD,2012,813964095.799629
MKD,2013,883771699.078763
MKD,2014,911334110.70558
MKD,2015,928277981.6122
MKD,2016,924728927.570949
MKD,2017,809527778.248064
MKD,2018,809527778.248064
MKD,2019,809527778.248064
MLI,2000,2002010040.6294
MLI,2001,2229945134.061
MLI,2002,2147436157.78577
MLI,2003,2460076494.76553
MLI,2004,2404541361.96928
MLI,2005,2646095943.65732
MLI,2006,2786769418.6918
MLI,2007,2857704729.5765
MLI,2008,3170882238.89454
MLI,2009,3253037863.52735
MLI,2010,3529224164.46592
MLI,2011,3407121011.52612
MLI,2012,3716283555.5842
MLI,2013,3591346445.07689
MLI,2014,3954619113.21992
MLI,2015,4207288741.54098
MLI,2016,4524428184.39181
MLI,2017,4757567789.91392
MLI,2018,5037322145.17892
MLI,2019,5241384350.20863
MLT,2000,91858179.4293244
MLT,2001,108776869.680087
MLT,2002,108984621.050323
MLT,2003,111165975.943203
MLT,2004,112764025.080642
MLT,2005,146602688.953891
MLT,2006,151510506.126473
MLT,2007,140110285.556106
MLT,2008,82465640.8950488
MLT,2009,116116001.252273
MLT,2010,114359898.157293
MLT,2011,88352032.3231095
MLT,2012,92108682.9767034
MLT,2013,99044742.7512291
MLT,2014,107237497.03713
MLT,2015,109164267.786514
MLT,2016,127910509.652725
MLT,2017,99545248.6802304
MLT,2018,110492147.140515
MLT,2019,104904092.0922
MMR,2000,9149447186.91655
MMR,2001,9945440911.11194
MMR,2002,10545248854.8516
MMR,2003,11779876425.8465
MMR,2004,13073491542.2545
MMR,2005,14652378648.3897
MMR,2006,15455079616.619
MMR,2007,16785105584.0699
MMR,2008,17837221994.2733
MMR,2009,18886548590.8116
MMR,2010,18257313468.8987
MMR,2011,18136692452.0711
MMR,2012,18441756413.2423
MMR,2013,19113132247.8637
MMR,2014,19639549811.9961
MMR,2015,20308874231.0772
MMR,2016,20009454193.6291
MMR,2017,20023340299.6471
MMR,2018,20340811978.0823
MMR,2019,20340811978.0823
MNE,2000,261736957.470419
MNE,2001,268447524.978929
MNE,2002,291993334.858736
MNE,2003,289332781.20629
MNE,2004,301220724.960307
MNE,2005,306631416.830373
MNE,2006,320484284.691603
MNE,2007,283801384.02853
MNE,2008,316444524.49059
MNE,2009,322629457.261273
MNE,2010,318097737.882883
MNE,2011,353246021.980992
MNE,2012,308020066.365937
MNE,2013,350053273.087501
MNE,2014,356481273.442054
MNE,2015,363800895.999286
MNE,2016,377982606.911673
MNE,2017,366209608.982805
MNE,2018,378328561.307359
MNE,2019,370077069.239716
MNG,2000,784157312.528029
MNG,2001,633988989.24605
MNG,2002,564302179.587377
MNG,2003,591299019.235788
MNG,2004,687258974.778054
MNG,2005,764749257.772771
MNG,2006,814695756.545637
MNG,2007,932348484.028979
MNG,2008,975913462.45815
MNG,2009,1011372069.5749
MNG,2010,843510498.619004
MNG,2011,840840175.431641
MNG,2012,1017847687.82494
MNG,2013,1213047653.08819
MNG,2014,1379003920.52196
MNG,2015,1526800370.53516
MNG,2016,1621675012.50125
MNG,2017,1650982307.61669
MNG,2018,1724773170.49554
MNG,2019,1870145425.69172
MNP,2000,0.0
MNP,2001,0.0
MNP,2002,0.0
MNP,2003,0.0
MNP,2004,0.0
MNP,2005,0.0
MNP,2006,0.0
MNP,2007,0.0
MNP,2008,0.0
MNP,2009,0.0
MNP,2010,0.0
MNP,2011,0.0
MNP,2012,0.0
MNP,2013,0.0
MNP,2014,0.0
MNP,2015,0.0
MNP,2016,0.0
MNP,2017,0.0
MNP,2018,0.0
MNP,2019,0.0
MOZ,2000,1446036955.30592
MOZ,2001,1592763621.61596
MOZ,2002,1777419677.90239
MOZ,2003,1871709944.26341
MOZ,2004,1965777529.34295
MOZ,2005,2099726723.09118
MOZ,2006,2322993383.87419
MOZ,2007,2523017817.35753
MOZ,2008,2696049553.49438
MOZ,2009,2838267589.30685
MOZ,2010,2981127994.32275
MOZ,2011,3102155200.36411
MOZ,2012,3145601485.75374
MOZ,2013,3226291166.41165
MOZ,2014,3344770295.78598
MOZ,2015,3446124263.48132
MOZ,2016,3591823702.62488
MOZ,2017,3734056916.79202
MOZ,2018,3860858013.72986
MOZ,2019,3906741581.09356
MRT,2000,900070206.233583
MRT,2001,838538087.081023
MRT,2002,769862297.583822
MRT,2003,958496546.227577
MRT,2004,749163238.053334
MRT,2005,859060580.668051
MRT,2006,773643977.246605
MRT,2007,825993060.91048
MRT,2008,891505671.051454
MRT,2009,878748606.366813
MRT,2010,941883611.097016
MRT,2011,931725803.691379
MRT,2012,997331851.498692
MRT,2013,982689550.569462
MRT,2014,946912860.514352
MRT,2015,1044100541.96428
MRT,2016,1099674265.38671
MRT,2017,1067291639.10839
MRT,2018,1089521299.96427
MRT,2019,1104774598.64797
MUS,2000,338593715.725453
MUS,2001,367308297.730224
MUS,2002,302909760.119234
MUS,2003,312210424.422078
MUS,2004,341822264.089825
MUS,2005,327490422.32798
MUS,2006,330553348.842673
MUS,2007,323159229.729201
MUS,2008,331830067.272968
MUS,2009,365679649.11806
MUS,2010,364307896.20717
MUS,2011,377016938.888292
MUS,2012,381188718.907461
MUS,2013,383087558.435
MUS,2014,397135264.119432
MUS,2015,398147493.038125
MUS,2016,412708285.762923
MUS,2017,411905751.210135
MUS,2018,406458195.940935
MUS,2019,423174726.91756
MWI,2000,1810711886.16668
MWI,2001,1702382779.34196
MWI,2002,1802714683.09159
MWI,2003,1862350474.1615
MWI,2004,1930217308.24053
MWI,2005,1750123165.03718
MWI,2006,1669257731.08188
MWI,2007,1792629836.39086
MWI,2008,1855647802.09813
MWI,2009,1929793506.00418
MWI,2010,2061093106.56689
MWI,2011,2149450890.34446
MWI,2012,2146768872.59804
MWI,2013,2288091067.18401
MWI,2014,2422818681.65094
MWI,2015,2373944009.66996
MWI,2016,2318630151.36886
MWI,2017,2434560662.17147
MWI,2018,2453793691.40263
MWI,2019,2559306819.80534
MYS,2000,19278335587.3542
MYS,2001,19244996209.3019
MYS,2002,19796668513.4193
MYS,2003,20990595497.7446
MYS,2004,21971905323.1805
MYS,2005,22541819942.6685
MYS,2006,23857328271.8257
MYS,2007,25963163474.3559
MYS,2008,25068894029.1228
MYS,2009,22492859368.2653
MYS,2010,25730961472.7888
MYS,2011,27492161046.3165
MYS,2012,27756356503.5525
MYS,2013,28307410513.2144
MYS,2014,28887026157.3876
MYS,2015,29305499616.5305
MYS,2016,28235450310.4469
MYS,2017,29897335011.3135
MYS,2018,29918408219.3511
MYS,2019,30510237004.2513
NAM,2000,838742194.890847
NAM,2001,760455678.661895
NAM,2002,920653256.895118
NAM,2003,919308949.731957
NAM,2004,989052971.899154
NAM,2005,1137215394.91652
NAM,2006,1179928115.34981
NAM,2007,1125987788.2717
NAM,2008,820630229.99354
NAM,2009,875268783.978056
NAM,2010,966561559.554179
NAM,2011,976545184.842778
NAM,2012,1055875194.68874
NAM,2013,851586934.173829
NAM,2014,891865546.291054
NAM,2015,773404633.619336
NAM,2016,778822856.818097
NAM,2017,833097091.503669
NAM,2018,817160226.670837
NAM,2019,796275976.483214
NCL,2000,0.0
NCL,2001,0.0
NCL,2002,0.0
NCL,2003,0.0
NCL,2004,0.0
NCL,2005,0.0
NCL,2006,0.0
NCL,2007,0.0
NCL,2008,0.0
NCL,2009,0.0
NCL,2010,0.0
NCL,2011,0.0
NCL,2012,0.0
NCL,2013,0.0
NCL,2014,0.0
NCL,2015,0.0
NCL,2016,0.0
NCL,2017,0.0
NCL,2018,0.0
NCL,2019,0.0
NER,2000,1509041930.3186
NER,2001,1700790324.07778
NER,2002,1825593844.41308
NER,2003,1920643130.39507
NER,2004,1772078440.91992
NER,2005,2009605197.66765
NER,2006,2218162871.48414
NER,2007,2320873673.74816
NER,2008,2690597285.59519
NER,2009,2438657080.44701
NER,2010,2812405909.47224
NER,2011,2732058976.39762
NER,2012,3132860902.36236
NER,2013,3121326046.18755
NER,2014,3379869012.3989
NER,2015,3447532215.86397
NER,2016,4043258529.32046
NER,2017,4261917135.13212
NER,2018,4594745760.82794
NER,2019,4749893968.70607
NGA,2000,32040442255.3799
NGA,2001,33255424320.3031
NGA,2002,51738139770.8906
NGA,2003,55363460989.3215
NGA,2004,58829894087.2093
NGA,2005,62989141130.3506
NGA,2006,67658452422.8702
NGA,2007,72529701830.8366
NGA,2008,77076029022.5522
NGA,2009,81609467954.0722
NGA,2010,86365375731.1896
NGA,2011,88883659397.0192
NGA,2012,94842560907.6481
NGA,2013,97627783360.7123
NGA,2014,101796614027.192
NGA,2015,105581332250.31
NGA,2016,109917289594.77
NGA,2017,113704173069.719
NGA,2018,116117661069.539
NGA,2019,118860646132.025
NIC,2000,1065349232.4238
NIC,2001,1093939505.51707
NIC,2002,1091131777.80714
NIC,2003,1112364069.00598
NIC,2004,1175868966.06754
NIC,2005,1230216579.0759
NIC,2006,1260740427.82029
NIC,2007,1409051057.60515
NIC,2008,1437872556.51071
NIC,2009,1449814797.95537
NIC,2010,1487376149.53831
NIC,2011,1563833181.35723
NIC,2012,1548821984.01058
NIC,2013,1521334813.75806
NIC,2014,1558562583.17774
NIC,2015,1545953177.40656
NIC,2016,1616739312.45007
NIC,2017,1763915762.87985
NIC,2018,1782062632.56113
NIC,2019,1823493537.23787
NIU,2000,0.0
NIU,2001,0.0
NIU,2002,0.0
NIU,2003,0.0
NIU,2004,0.0
NIU,2005,0.0
NIU,2006,0.0
NIU,2007,0.0
NIU,2008,0.0
NIU,2009,0.0
NIU,2010,0.0
NIU,2011,0.0
NIU,2012,0.0
NIU,2013,0.0
NIU,2014,0.0
NIU,2015,0.0
NIU,2016,0.0
NIU,2017,0.0
NIU,2018,0.0
NIU,2019,0.0
NLD,2000,13200616929.64
NLD,2001,12536138844.869
NLD,2002,12644894572.3089
NLD,2003,12992228255.6021
NLD,2004,13714223723.0697
NLD,2005,13754486829.929
NLD,2006,13802865335.1259
NLD,2007,14152335849.75
NLD,2008,14513346326.6713
NLD,2009,15023548676.9638
NLD,2010,15056057218.8993
NLD,2011,14919640726.3159
NLD,2012,14820844805.9267
NLD,2013,14949412836.4153
NLD,2014,15635711282.303
NLD,2015,15959836267.7392
NLD,2016,16315304128.8041
NLD,2017,16392232739.4912
NLD,2018,16180403404.8359
NLD,2019,16413433379.2804
NOR,2000,4470349808.97859
NOR,2001,4361823831.41679
NOR,2002,4739512048.81381
NOR,2003,4652364649.59524
NOR,2004,5179702915.39484
NOR,2005,5296394322.18496
NOR,2006,5497412343.55114
NOR,2007,5889501408.85991
NOR,2008,6141293553.79125
NOR,2009,6229034802.40825
NOR,2010,6725492899.48986
NOR,2011,6980551216.11253
NOR,2012,7330180049.43406
NOR,2013,7032216113.77533
NOR,2014,7516054911.14046
NOR,2015,7101844955.74043
NOR,2016,6674421851.22549
NOR,2017,6955461079.02916
NOR,2018,6971495012.78658
NOR,2019,7279702850.56811
NPL,2000,3854851321.77148
NPL,2001,4020609927.63884
NPL,2002,4144541595.57704
NPL,2003,4282475966.04235
NPL,2004,4488460370.56004
NPL,2005,4645461151.47738
NPL,2006,4728237274.90327
NPL,2007,4774249845.3844
NPL,2008,5052314582.09879
NPL,2009,5204871700.95956
NPL,2010,5309581946.97864
NPL,2011,5549074663.63221
NPL,2012,5805980335.08886
NPL,2013,5869586707.08466
NPL,2014,6136435935.29005
NPL,2015,6204022262.87273
NPL,2016,6218060375.18596
NPL,2017,6541409818.28718
NPL,2018,6725731013.7527
NPL,2019,7066306483.32884
NRU,2000,0.0
NRU,2001,0.0
NRU,2002,0.0
NRU,2003,0.0
NRU,2004,0.0
NRU,2005,0.0
NRU,2006,0.0
NRU,2007,0.0
NRU,2008,0.0
NRU,2009,0.0
NRU,2010,0.0
NRU,2011,0.0
NRU,2012,0.0
NRU,2013,0.0
NRU,2014,0.0
NRU,2015,0.0
NRU,2016,0.0
NRU,2017,0.0
NRU,2018,0.0
NRU,2019,0.0
NZL,2000,9914242536.10159
NZL,2001,9731271469.49311
NZL,2002,9675911020.17517
NZL,2003,10760603923.5963
NZL,2004,10430316682.4497
NZL,2005,10971724875.4894
NZL,2006,11024270548.795
NZL,2007,9401922487.01725
NZL,2008,10253913426.5367
NZL,2009,10484738873.0968
NZL,2010,9652452428.24443
NZL,2011,10852558586.2359
NZL,2012,11395843296.6173
NZL,2013,11296381502.0308
NZL,2014,11866877839.026
NZL,2015,12131482722.8955
NZL,2016,12190596206.8966
NZL,2017,11444635935.2397
NZL,2018,12458016929.359
NZL,2019,12458016929.359
OMN,2000,631353415.70755
OMN,2001,665188448.120272
OMN,2002,671749158.868873
OMN,2003,658068388.976118
OMN,2004,684132540.275276
OMN,2005,665728702.465074
OMN,2006,647004893.073585
OMN,2007,672976984.418177
OMN,2008,703475741.399675
OMN,2009,740314561.967458
OMN,2010,810577633.289987
OMN,2011,806619073.153878
OMN,2012,827494708.236569
OMN,2013,947907226.413036
OMN,2014,964848237.779955
OMN,2015,1279687027.41875
OMN,2016,1385719771.92162
OMN,2017,1506665195.06805
OMN,2018,1933063101.9217
OMN,2019,1970735978.46356
PAK,2000,32434635234.0182
PAK,2001,32200741022.8005
PAK,2002,32444356010.1665
PAK,2003,33876607084.9333
PAK,2004,34841495154.1639
PAK,2005,37287855033.4066
PAK,2006,37763109522.4242
PAK,2007,39055930208.4558
PAK,2008,39761803198.5668
PAK,2009,41152512313.12
PAK,2010,41246976135.6026
PAK,2011,42056246703.0808
PAK,2012,43579579535.9809
PAK,2013,44745349465.046
PAK,2014,45862430429.9898
PAK,2015,46839315255.7798
PAK,2016,46911423420.2058
PAK,2017,47935231729.985
PAK,2018,49850650048.0958
PAK,2019,50137402309.0477
PAN,2000,969890424.661497
PAN,2001,1032628782.59461
PAN,2002,1066915966.03402
PAN,2003,1165886720.62261
PAN,2004,1181693024.41847
PAN,2005,1212210911.01724
PAN,2006,1255629345.30726
PAN,2007,1270572231.46627
PAN,2008,1308841550.22567
PAN,2009,1135303714.5585
PAN,2010,1063700000.0
PAN,2011,1070593553.98681
PAN,2012,1077117810.43861
PAN,2013,1127342275.19963
PAN,2014,1149253928.94341
PAN,2015,1150977317.44011
PAN,2016,1159101863.21028
PAN,2017,1171781078.57887
PAN,2018,1199109096.16942
PAN,2019,1229637692.39671
PER,2000,7428773460.33425
PER,2001,7280249801.70615
PER,2002,7633857000.59106
PER,2003,7723662003.48247
PER,2004,7935221866.06318
PER,2005,8218021274.20679
PER,2006,8904943195.36172
PER,2007,9255959865.31707
PER,2008,9945472315.40157
PER,2009,9975695152.9131
PER,2010,10073271742.5932
PER,2011,10891447129.5125
PER,2012,11084441534.7647
PER,2013,11373285510.4106
PER,2014,11249371876.6133
PER,2015,11694079342.8544
PER,2016,11897435863.8249
PER,2017,12250611307.8882
PER,2018,13423689158.1572
PER,2019,13550193320.884
PHL,2000,20324031740.4707
PHL,2001,21109337869.8466
PHL,2002,21870971757.5529
PHL,2003,22871513744.4875
PHL,2004,24012599062.6478
PHL,2005,24852298674.8728
PHL,2006,25990915486.9068
PHL,2007,27386631895.4812
PHL,2008,28315056324.0976
PHL,2009,28274085191.6927
PHL,2010,28648357816.1972
PHL,2011,29617840666.9894
PHL,2012,30530054988.9899
PHL,2013,31425533991.1181
PHL,2014,32014138633.0463
PHL,2015,32249800778.3466
PHL,2016,31939234768.3559
PHL,2017,33296379082.5266
PHL,2018,33668517250.7475
PHL,2019,34074206110.9476
PLW,2000,6665226.04330899
PLW,2001,6702809.18733979
PLW,2002,6792202.29308107
PLW,2003,6893235.52237845
PLW,2004,7091345.86054892
PLW,2005,7393228.28061821
PLW,2006,8502311.42572155
PLW,2007,7818663.38470779
PLW,2008,8076800.24239304
PLW,2009,7468546.72715767
PLW,2010,7093400.0
PLW,2011,6973499.11944829
PLW,2012,6678692.06859938
PLW,2013,6866912.10570911
PLW,2014,6462170.55460815
PLW,2015,6226172.75545116
PLW,2016,6707450.02091444
PLW,2017,7271273.26061542
PLW,2018,6894604.94867917
PLW,2019,6894604.94867917
PNG,2000,2562891375.56297
PNG,2001,2562891375.56297
PNG,2002,2562891375.56297
PNG,2003,2562891375.56297
PNG,2004,2562891375.56297
PNG,2005,2562891375.56297
PNG,2006,2562891375.56297
PNG,2007,2534586484.41789
PNG,2008,2568580628.3137
PNG,2009,2717855241.30709
PNG,2010,2794343263.86612
PNG,2011,2818130046.96116
PNG,2012,2986122836.05236
PNG,2013,3125550049.67057
PNG,2014,3231650758.57028
PNG,2015,3146294098.52596
PNG,2016,3229610360.3222
PNG,2017,3305445161.87552
PNG,2018,3456774698.60748
PNG,2019,3456774698.60748
POL,2000,10216694856.2332
POL,2001,11044605843.5313
POL,2002,11274566378.1382
POL,2003,11609591085.4641
POL,2004,12583059728.7169
POL,2005,12367459290.9495
POL,2006,11695685338.109
POL,2007,12300567107.7505
POL,2008,12125460153.2186
POL,2009,13493350578.7152
POL,2010,13712400092.8597
POL,2011,13675952641.5282
POL,2012,12478559347.3286
POL,2013,13407256326.0704
POL,2014,13556793685.5371
POL,2015,12278181275.495
POL,2016,12535668092.7271
POL,2017,12649354956.3891
POL,2018,11501641627.6987
POL,2019,11490991277.8165
PRI,2000,822000000.0
PRI,2001,822000000.0
PRI,2002,822000000.0
PRI,2003,822000000.0
PRI,2004,822000000.0
PRI,2005,822000000.0
PRI,2006,822000000.0
PRI,2007,822000000.0
PRI,2008,822000000.0
PRI,2009,822000000.0
PRI,2010,822000000.0
PRI,2011,822000000.0
PRI,2012,822000000.0
PRI,2013,822000000.0
PRI,2014,822000000.0
PRI,2015,822000000.0
PRI,2016,822000000.0
PRI,2017,822000000.0
PRI,2018,822000000.0
PRI,2019,822000000.0
PRK,2000,0.0
PRK,2001,0.0
PRK,2002,0.0
PRK,2003,0.0
PRK,2004,0.0
PRK,2005,0.0
PRK,2006,0.0
PRK,2007,0.0
PRK,2008,0.0
PRK,2009,0.0
PRK,2010,0.0
PRK,2011,0.0
PRK,2012,0.0
PRK,2013,0.0
PRK,2014,0.0
PRK,2015,0.0
PRK,2016,0.0
PRK,2017,0.0
PRK,2018,0.0
PRK,2019,0.0
PRT,2000,4680985623.75946
PRT,2001,4557729427.44167
PRT,2002,4742105354.40209
PRT,2003,4639682258.26093
PRT,2004,4914729685.07786
PRT,2005,4650710842.96688
PRT,2006,4777421280.26453
PRT,2007,4568395177.29287
PRT,2008,4737601151.75465
PRT,2009,4579736092.36829
PRT,2010,4607948163.65694
PRT,2011,4650668312.87402
PRT,2012,4628611143.46212
PRT,2013,4771485674.17911
PRT,2014,4770490204.193
PRT,2015,5014533193.31164
PRT,2016,4954968469.18937
PRT,2017,5055408599.75072
PRT,2018,5001840618.72236
PRT,2019,5172447428.11787
PRY,2000,1589543647.39022
PRY,2001,1773858486.09054
PRY,2002,1855184560.17509
PRY,2003,2032351451.2413
PRY,2004,2129285450.94511
PRY,2005,2130576624.91727
PRY,2006,2230834262.22689
PRY,2007,2578802233.27835
PRY,2008,2800120348.19993
PRY,2009,2443144958.74319
PRY,2010,3538073906.99365
PRY,2011,3732873662.7808
PRY,2012,2655012568.46901
PRY,2013,3854278224.97867
PRY,2014,4010270679.28229
PRY,2015,3991165526.01149
PRY,2016,4116526160.39771
PRY,2017,4362450684.11253
PRY,2018,4545525717.08604
PRY,2019,4383893169.42946
PSE,2000,533573307.955159
PSE,2001,445168856.482667
PSE,2002,366653716.530827
PSE,2003,414002541.387281
PSE,2004,768907935.863609
PSE,2005,643218510.249645
PSE,2006,822244124.213517
PSE,2007,669134767.607063
PSE,2008,893093687.8425
PSE,2009,963766348.690887
PSE,2010,871600000.0
PSE,2011,914587375.685001
PSE,2012,960493647.249848
PSE,2013,928208889.790948
PSE,2014,953417536.025979
PSE,2015,915648792.368581
PSE,2016,1010910939.71991
PSE,2017,950056383.194642
PSE,2018,965093119.545362
PSE,2019,965446925.106556
PYF,2000,0.0
PYF,2001,0.0
PYF,2002,0.0
PYF,2003,0.0
PYF,2004,0.0
PYF,2005,0.0
PYF,2006,0.0
PYF,2007,0.0
PYF,2008,0.0
PYF,2009,0.0
PYF,2010,0.0
PYF,2011,0.0
PYF,2012,0.0
PYF,2013,0.0
PYF,2014,0.0
PYF,2015,0.0
PYF,2016,0.0
PYF,2017,0.0
PYF,2018,0.0
PYF,2019,0.0
QAT,2000,85541139.5327363
QAT,2001,85541139.5327363
QAT,2002,63721950.3185891
QAT,2003,70912364.9459786
QAT,2004,71656200.9419152
QAT,2005,85045248.8687783
QAT,2006,98930187.4595994
QAT,2007,108848000.738757
QAT,2008,148767199.187367
QAT,2009,123476775.325515
QAT,2010,147527472.527473
QAT,2011,155461723.150799
QAT,2012,162549229.18799
QAT,2013,172093938.673619
QAT,2014,215223940.411259
QAT,2015,231884777.824313
QAT,2016,252733866.873871
QAT,2017,304864063.604748
QAT,2018,352684455.671078
QAT,2019,363046673.804128
ROU,2000,8438097584.63989
ROU,2001,10815655056.4854
ROU,2002,10195969524.8681
ROU,2003,10737977509.794
ROU,2004,12742023517.5936
ROU,2005,10557987661.235
ROU,2006,10912676090.5159
ROU,2007,8015620207.57634
ROU,2008,9900048865.41788
ROU,2009,9688658378.21864
ROU,2010,8310456590.83042
ROU,2011,10328337962.8927
ROU,2012,7676198387.13702
ROU,2013,10239297201.6658
ROU,2014,10756843915.6068
ROU,2015,9566525507.48556
ROU,2016,9974994036.095
ROU,2017,11426189297.0073
ROU,2018,12498495083.9408
ROU,2019,12174383243.391
RWA,2000,876432909.573445
RWA,2001,954132336.493253
RWA,2002,1090010825.31942
RWA,2003,1071286107.97966
RWA,2004,1139375618.75878
RWA,2005,1188324760.14837
RWA,2006,1255131658.35237
RWA,2007,1259371716.76195
RWA,2008,1347137462.07317
RWA,2009,1416513660.4475
RWA,2010,1489168212.48883
RWA,2011,1538320086.12818
RWA,2012,1645605177.69782
RWA,2013,1699276248.62331
RWA,2014,1815381721.19011
RWA,2015,1902068604.93099
RWA,2016,1971661798.12542
RWA,2017,2065098952.65483
RWA,2018,2191333906.42452
RWA,2019,2301478643.34632
SAU,2000,11185374914.2341
SAU,2001,11248548169.0099
SAU,2002,11392933932.9006
SAU,2003,11485810880.172
SAU,2004,11897489800.7449
SAU,2005,12023546686.7873
SAU,2006,12144970824.2893
SAU,2007,12381616962.5153
SAU,2008,12546168194.7539
SAU,2009,12675552905.1665
SAU,2010,13946133333.3333
SAU,2011,14550636229.4151
SAU,2012,14958851487.3506
SAU,2013,15449729052.0402
SAU,2014,15835087506.6248
SAU,2015,15931692338.9043
SAU,2016,16032628039.596
SAU,2017,16112535841.8625
SAU,2018,16164585259.3901
SAU,2019,16375929120.3151
SDN,2000,11689270901.1789
SDN,2001,12228547717.5436
SDN,2002,12592053315.2703
SDN,2003,12563729660.9166
SDN,2004,12249476222.8478
SDN,2005,12523532937.6203
SDN,2006,13610926902.904
SDN,2007,13423462798.3398
SDN,2008,13872894825.0308
SDN,2009,13460901605.6741
SDN,2010,13559185242.1214
SDN,2011,14511758298.6009
SDN,2012,17146315016.6297
SDN,2013,17832332922.8144
SDN,2014,17098789679.7554
SDN,2015,17574043048.4979
SDN,2016,18489422363.0757
SDN,2017,18941946222.8783
SDN,2018,18656794201.6328
SDN,2019,18470825492.1249
SEN,2000,1758866651.0197
SEN,2001,1781275753.73281
SEN,2002,1384980441.83518
SEN,2003,1631863297.34437
SEN,2004,1670772392.64809
SEN,2005,1854868763.63171
SEN,2006,1699191068.64421
SEN,2007,1756269513.0625
SEN,2008,2154349826.44341
SEN,2009,2453528908.96797
SEN,2010,2570585787.26554
SEN,2011,2160512524.53938
SEN,2012,2380123643.42954
SEN,2013,2425059800.08773
SEN,2014,2464302309.25092
SEN,2015,2726536636.5834
SEN,2016,2873955168.83179
SEN,2017,3203646236.94673
SEN,2018,3461160044.29002
SEN,2019,3557745655.57659
SGP,2000,119986926.228855
SGP,2001,104825337.606224
SGP,2002,86616922.5618214
SGP,2003,79435117.424786
SGP,2004,79435117.424786
SGP,2005,84948422.3784698
SGP,2006,86326748.6168907
SGP,2007,86326748.6168907
SGP,2008,81393791.5530684
SGP,2009,84440617.974841
SGP,2010,86762009.5342868
SGP,2011,90316640.3596881
SGP,2012,94233988.6162529
SGP,2013,97498445.4967236
SGP,2014,100690358.890962
SGP,2015,100182554.487333
SGP,2016,101851054.670684
SGP,2017,100980532.835892
SGP,2018,100907989.34966
SGP,2019,106058576.87218
SLB,2000,0.0
SLB,2001,0.0
SLB,2002,0.0
SLB,2003,0.0
SLB,2004,0.0
SLB,2005,0.0
SLB,2006,0.0
SLB,2007,0.0
SLB,2008,0.0
SLB,2009,0.0
SLB,2010,0.0
SLB,2011,0.0
SLB,2012,0.0
SLB,2013,0.0
SLB,2014,0.0
SLB,2015,0.0
SLB,2016,0.0
SLB,2017,0.0
SLB,2018,0.0
SLB,2019,0.0
SLE,2000,945647612.718648
SLE,2001,590707070.435006
SLE,2002,778177226.70024
SLE,2003,851872205.114462
SLE,2004,926762578.348382
SLE,2005,990021532.200351
SLE,2006,1049097624.03448
SLE,2007,1188132977.8329
SLE,2008,1267532123.78256
SLE,2009,1318505451.73743
SLE,2010,1364876219.64072
SLE,2011,1431634062.63556
SLE,2012,1486704985.78669
SLE,2013,1554392748.72862
SLE,2014,1566885084.08596
SLE,2015,1615924057.60184
SLE,2016,1670633214.10194
SLE,2017,1761160941.66205
SLE,2018,1829988468.91679
SLE,2019,1932480534.04967
SLV,2000,1346186205.93682
SLV,2001,1258383321.9117
SLV,2002,1211557997.65098
SLV,2003,1175582775.33459
SLV,2004,1165341591.90344
SLV,2005,1180279470.98333
SLV,2006,1213066467.28111
SLV,2007,1299306666.64265
SLV,2008,1296878178.8108
SLV,2009,1227825236.62803
SLV,2010,1287980000.0
SLV,2011,1234219790.66466
SLV,2012,1288052771.85697
SLV,2013,1195350522.56146
SLV,2014,1205756898.10793
SLV,2015,1139434446.96344
SLV,2016,1234610939.39587
SLV,2017,1242834159.23328
SLV,2018,1202309331.38406
SLV,2019,1238185856.86943
SMR,2000,0.0
SMR,2001,0.0
SMR,2002,0.0
SMR,2003,0.0
SMR,2004,0.0
SMR,2005,0.0
SMR,2006,0.0
SMR,2007,0.0
SMR,2008,0.0
SMR,2009,0.0
SMR,2010,0.0
SMR,2011,0.0
SMR,2012,0.0
SMR,2013,0.0
SMR,2014,0.0
SMR,2015,0.0
SMR,2016,0.0
SMR,2017,0.0
SMR,2018,0.0
SMR,2019,0.0
SOM,2000,0.0
SOM,2001,0.0
SOM,2002,0.0
SOM,2003,0.0
SOM,2004,0.0
SOM,2005,0.0
SOM,2006,0.0
SOM,2007,0.0
SOM,2008,0.0
SOM,2009,0.0
SOM,2010,0.0
SOM,2011,0.0
SOM,2012,0.0
SOM,2013,0.0
SOM,2014,0.0
SOM,2015,0.0
SOM,2016,0.0
SOM,2017,0.0
SOM,2018,0.0
SOM,2019,0.0
SRB,2000,2343812181.17613
SRB,2001,2761252177.28762
SRB,2002,2612764864.44459
SRB,2003,2433725724.7037
SRB,2004,2895348130.56324
SRB,2005,2753640384.84179
SRB,2006,2747992925.93037
SRB,2007,2532493863.91225
SRB,2008,2749508441.45435
SRB,2009,2771818520.58234
SRB,2010,2761113305.34717
SRB,2011,2786487624.03063
SRB,2012,2313219095.22349
SRB,2013,2799154153.84497
SRB,2014,2853805294.00206
SRB,2015,2915345689.9873
SRB,2016,3132558512.25598
SRB,2017,2775669701.13366
SRB,2018,3195207871.12796
SRB,2019,3143703488.63588
SSD,2000,558542771.865921
SSD,2001,558542771.865921
SSD,2002,558542771.865921
SSD,2003,558542771.865921
SSD,2004,558542771.865921
SSD,2005,558542771.865921
SSD,2006,558542771.865921
SSD,2007,558542771.865921
SSD,2008,558542771.865921
SSD,2009,778217639.845629
SSD,2010,773003557.638075
SSD,2011,659835879.226382
SSD,2012,499424792.350454
SSD,2013,881492181.82046
SSD,2014,718380467.479239
SSD,2015,873550348.725105
SSD,2016,873550348.725105
SSD,2017,873550348.725105
SSD,2018,873550348.725105
SSD,2019,873550348.725105
STP,2000,16968160.2443093
STP,2001,16968160.2443093
STP,2002,16621861.9397676
STP,2003,16887688.7321325
STP,2004,17572633.9778021
STP,2005,17875427.6715195
STP,2006,19177873.9982326
STP,2007,19664444.6280622
STP,2008,21833946.6615936
STP,2009,22682254.5250733
STP,2010,22858822.359502
STP,2011,23529245.1933204
STP,2012,23958341.4357844
STP,2013,23933110.2946782
STP,2014,24979283.9862827
STP,2015,25800796.8127938
STP,2016,26313253.7190434
STP,2017,26727601.8975266
STP,2018,25836128.6318113
STP,2019,25596989.0543596
SUR,2000,290748908.786795
SUR,2001,324113547.122793
SUR,2002,311720950.684042
SUR,2003,323160279.984455
SUR,2004,326020081.399469
SUR,2005,309814416.407365
SUR,2006,319816385.36551
SUR,2007,337126035.088901
SUR,2008,306215946.297131
SUR,2009,402243288.810229
SUR,2010,413783055.292489
SUR,2011,432329108.567551
SUR,2012,476427501.910476
SUR,2013,433565512.119222
SUR,2014,456645045.083743
SUR,2015,476015367.393252
SUR,2016,481785250.634382
SUR,2017,540308352.080133
SUR,2018,530417123.666766
SUR,2019,519701626.218953
SVK,2000,653438868.695057
SVK,2001,865807210.290976
SVK,2002,915585070.295849
SVK,2003,958490748.539946
SVK,2004,968171639.603588
SVK,2005,1027344103.49798
SVK,2006,1258437173.77967
SVK,2007,1590023490.08726
SVK,2008,1908123359.24638
SVK,2009,1847180299.45078
SVK,2010,1506014969.04691
SVK,2011,1925499185.30093
SVK,2012,1973827555.28908
SVK,2013,2495829661.0977
SVK,2014,3169861862.60151
SVK,2015,2698995546.50204
SVK,2016,2964100048.90209
SVK,2017,2658573602.93073
SVK,2018,2906166873.18036
SVK,2019,3134469288.3053
SVN,2000,889116172.254859
SVN,2001,892431128.346201
SVN,2002,1023529838.18979
SVN,2003,756368100.077312
SVN,2004,962128860.523543
SVN,2005,909441660.093256
SVN,2006,901254779.833021
SVN,2007,970264549.371445
SVN,2008,977451324.234631
SVN,2009,891312408.701063
SVN,2010,912108607.818719
SVN,2011,959857709.815389
SVN,2012,890252371.894453
SVN,2013,881457437.541381
SVN,2014,899074774.810241
SVN,2015,1017064737.3834
SVN,2016,1002983353.27864
SVN,2017,951818160.936991
SVN,2018,1177556057.90355
SVN,2019,1139528329.96608
SWE,2000,6453524712.79578
SWE,2001,6715503473.45462
SWE,2002,6926820055.06992
SWE,2003,6956559800.29018
SWE,2004,7661496374.17938
SWE,2005,7629365493.66504
SWE,2006,7979218476.38173
SWE,2007,8344314946.59825
SWE,2008,8137182851.74762
SWE,2009,8141815676.37992
SWE,2010,8177981597.70304
SWE,2011,8404840558.72993
SWE,2012,8420681830.05328
SWE,2013,8409025045.49459
SWE,2014,8950467743.65033
SWE,2015,9229483343.27957
SWE,2016,9083624090.34002
SWE,2017,9612363882.2459
SWE,2018,8637079574.16852
SWE,2019,9154909811.29511
SWZ,2000,405028797.031821
SWZ,2001,397751120.757901
SWZ,2002,411206376.562859
SWZ,2003,446078443.975998
SWZ,2004,388679460.834021
SWZ,2005,466736699.151793
SWZ,2006,449996360.407953
SWZ,2007,436094136.427448
SWZ,2008,475147283.473045
SWZ,2009,514184031.874384
SWZ,2010,450811779.489701
SWZ,2011,476845468.205481
SWZ,2012,539027515.399476
SWZ,2013,570742857.808874
SWZ,2014,530297900.359761
SWZ,2015,550659718.504738
SWZ,2016,504362056.888054
SWZ,2017,482709721.503709
SWZ,2018,511049732.367065
SWZ,2019,507859831.644556
SYC,2000,28787940.4680535
SYC,2001,28134131.8459775
SYC,2002,28475350.8173658
SYC,2003,26798964.4351201
SYC,2004,26035066.2356048
SYC,2005,28039007.5952681
SYC,2006,26538396.3549738
SYC,2007,26757147.2177995
SYC,2008,27999904.1328477
SYC,2009,23382204.1866679
SYC,2010,21929075.7221697
SYC,2011,22698544.2606905
SYC,2012,23123064.3985743
SYC,2013,28333045.3191825
SYC,2014,26326342.5948839
SYC,2015,25283118.079597
SYC,2016,25520754.1373417
SYC,2017,26364176.4643686
SYC,2018,30084877.2616338
SYC,2019,37100885.8731373
SYR,2000,0.0
SYR,2001,0.0
SYR,2002,0.0
SYR,2003,0.0
SYR,2004,0.0
SYR,2005,0.0
SYR,2006,0.0
SYR,2007,0.0
SYR,2008,0.0
SYR,2009,0.0
SYR,2010,0.0
SYR,2011,0.0
SYR,2012,0.0
SYR,2013,0.0
SYR,2014,0.0
SYR,2015,0.0
SYR,2016,0.0
SYR,2017,0.0
SYR,2018,0.0
SYR,2019,0.0
TCA,2000,4198400.0
TCA,2001,4198400.0
TCA,2002,4198400.0
TCA,2003,4198400.0
TCA,2004,4198400.0
TCA,2005,4198400.0
TCA,2006,4198400.0
TCA,2007,4198400.0
TCA,2008,4198400.0
TCA,2009,4198400.0
TCA,2010,4198400.0
TCA,2011,4198400.0
TCA,2012,4198400.0
TCA,2013,4198400.0
TCA,2014,4198400.0
TCA,2015,4198400.0
TCA,2016,4198400.0
TCA,2017,4198400.0
TCA,2018,4198400.0
TCA,2019,4198400.0
TCD,2000,5177380020.18778
TCD,2001,5177380020.18778
TCD,2002,5177380020.18778
TCD,2003,5177380020.18778
TCD,2004,5177380020.18778
TCD,2005,5177380020.18778
TCD,2006,5177380020.18778
TCD,2007,5177380020.18778
TCD,2008,4922209275.87823
TCD,2009,4771710026.73375
TCD,2010,5541612430.45848
TCD,2011,5118144447.29061
TCD,2012,5721708770.71467
TCD,2013,5601921401.49498
TCD,2014,5960444934.10382
TCD,2015,6562449932.87869
TCD,2016,6168702936.90597
TCD,2017,6360416535.53335
TCD,2018,6614833969.5806
TCD,2019,6919116609.49882
TGO,2000,989605209.23933
TGO,2001,1044930590.05531
TGO,2002,1048259495.16389
TGO,2003,1031172139.7142
TGO,2004,1065896858.24216
TGO,2005,1172989521.21032
TGO,2006,1111355546.09471
TGO,2007,1134904222.68418
TGO,2008,1320333649.57574
TGO,2009,971730987.078413
TGO,2010,985603189.042396
TGO,2011,1034836012.75483
TGO,2012,1139233737.20661
TGO,2013,1139060057.98595
TGO,2014,1282917681.50726
TGO,2015,1283030755.90617
TGO,2016,1326246568.7434
TGO,2017,1371548702.95141
TGO,2018,1417683417.40527
TGO,2019,1449547783.01794
THA,2000,29038261868.9484
THA,2001,29932961238.3719
THA,2002,29966841859.6544
THA,2003,33549463605.0063
THA,2004,33176358491.6235
THA,2005,33156161578.0547
THA,2006,34457607665.4148
THA,2007,35115262194.225
THA,2008,36145065769.5034
THA,2009,36056749088.2767
THA,2010,35891648282.9794
THA,2011,38152208748.1273
THA,2012,39184282982.3276
THA,2013,39459570499.5208
THA,2014,39345918045.0599
THA,2015,36801584968.8527
THA,2016,36365259930.7487
THA,2017,38078472087.3466
THA,2018,40177995031.5838
THA,2019,40112026414.4834
TJK,2000,503787056.74648
TJK,2001,537037002.491748
TJK,2002,627259215.319097
TJK,2003,683712544.697816
TJK,2004,760972088.734244
TJK,2005,773147597.263187
TJK,2006,814897616.895284
TJK,2007,867865960.871207
TJK,2008,936427350.344673
TJK,2009,1034752241.20946
TJK,2010,1105115323.13314
TJK,2011,1192419521.42218
TJK,2012,1316431155.24135
TJK,2013,1416479853.01003
TJK,2014,1480221429.0003
TJK,2015,1527588522.80865
TJK,2016,1607023138.56413
TJK,2017,1716300712.4354
TJK,2018,1784930335.93214
TJK,2019,1784930335.93214
TKL,2000,0.0
TKL,2001,0.0
TKL,2002,0.0
TKL,2003,0.0
TKL,2004,0.0
TKL,2005,0.0
TKL,2006,0.0
TKL,2007,0.0
TKL,2008,0.0
TKL,2009,0.0
TKL,2010,0.0
TKL,2011,0.0
TKL,2012,0.0
TKL,2013,0.0
TKL,2014,0.0
TKL,2015,0.0
TKL,2016,0.0
TKL,2017,0.0
TKL,2018,0.0
TKL,2019,0.0
TKM,2000,2561052631.57895
TKM,2001,2561052631.57895
TKM,2002,2561052631.57895
TKM,2003,2561052631.57895
TKM,2004,2561052631.57895
TKM,2005,2561052631.57895
TKM,2006,2561052631.57895
TKM,2007,2561052631.57895
TKM,2008,2561052631.57895
TKM,2009,2561052631.57895
TKM,2010,2561052631.57895
TKM,2011,2561052631.57895
TKM,2012,2561052631.57895
TKM,2013,2561052631.57895
TKM,2014,2561052631.57895
TKM,2015,2561052631.57895
TKM,2016,2561052631.57895
TKM,2017,2561052631.57895
TKM,2018,2561052631.57895
TKM,2019,2561052631.57895
TLS,2000,169441852.41748
TLS,2001,167770608.615862
TLS,2002,177794454.475266
TLS,2003,176141508.186944
TLS,2004,185344235.407048
TLS,2005,189480182.617858
TLS,2006,200678828.11969
TLS,2007,197790161.398548
TLS,2008,210412325.066562
TLS,2009,216297883.335548
TLS,2010,225749400.0
TLS,2011,189022957.547244
TLS,2012,224579210.196194
TLS,2013,212900503.192425
TLS,2014,210260980.518603
TLS,2015,200991304.257603
TLS,2016,198300505.994196
TLS,2017,192421330.578685
TLS,2018,198011149.969982
TLS,2019,202881976.377583
TON,2000,60125402.1603429
TON,2001,59120003.5804234
TON,2002,59563261.233965
TON,2003,60160336.064066
TON,2004,61492725.9520803
TON,2005,60177533.0154825
TON,2006,56679490.3278199
TON,2007,64549712.5282909
TON,2008,63484872.3119532
TON,2009,57610161.0922844
TON,2010,60308587.0776064
TON,2011,71584221.0438584
TON,2012,70472276.1345101
TON,2013,73256354.5686751
TON,2014,75102285.302977
TON,2015,73792949.2991081
TON,2016,72869257.0076822
TON,2017,71040523.2247968
TON,2018,71305497.507614
TON,2019,73852889.3978861
TTO,2000,175869733.990243
TTO,2001,191130946.380406
TTO,2002,207779565.138167
TTO,2003,176071533.868195
TTO,2004,115808662.413126
TTO,2005,109502375.670565
TTO,2006,98403306.0414431
TTO,2007,119844679.057608
TTO,2008,129001404.583162
TTO,2009,87253793.5998725
TTO,2010,115253705.591718
TTO,2011,115606862.535174
TTO,2012,101009680.244188
TTO,2013,100112664.661481
TTO,2014,103137706.573376
TTO,2015,140125285.281592
TTO,2016,129895490.551146
TTO,2017,140106199.843662
TTO,2018,126641423.384092
TTO,2019,129047610.42839
TUN,2000,2858995880.20458
TUN,2001,2785874427.15944
TUN,2002,2509742222.74426
TUN,2003,2955557525.33849
TUN,2004,3355001382.87855
TUN,2005,3093016009.42316
TUN,2006,3337729518.99271
TUN,2007,3365350766.49054
TUN,2008,3343219704.15232
TUN,2009,3651785268.04289
TUN,2010,3319058264.63602
TUN,2011,3660817418.00065
TUN,2012,3874236166.56189
TUN,2013,3737753923.42572
TUN,2014,3915301021.79154
TUN,2015,4394939014.31363
TUN,2016,4021388596.1178
TUN,2017,4095493727.65798
TUN,2018,4560210823.55997
TUN,2019,4597843181.08903
TUR,2000,57061577793.9976
TUR,2001,51989572236.5105
TUR,2002,56502417492.3642
TUR,2003,55639964108.8927
TUR,2004,57839391482.4335
TUR,2005,62426356902.447
TUR,2006,63393638979.6785
TUR,2007,59451597085.683
TUR,2008,62141799237.9639
TUR,2009,64707120095.1489
TUR,2010,69670127308.4228
TUR,2011,72066612513.1981
TUR,2012,73648762332.4614
TUR,2013,75392851592.4985
TUR,2014,75806012111.7914
TUR,2015,82823145108.0366
TUR,2016,80675078798.0059
TUR,2017,84643618084.7093
TUR,2018,86429090774.5857
TUR,2019,89660226407.0442
TUV,2000,6174284.22632613
TUV,2001,6066843.46092227
TUV,2002,5951096.53192795
TUV,2003,5965767.15852928
TUV,2004,6233398.22174914
TUV,2005,6288952.43277623
TUV,2006,7066711.38715559
TUV,2007,7145458.13288332
TUV,2008,7197236.81500566
TUV,2009,7439949.38745415
TUV,2010,8512199.59640433
TUV,2011,8542403.82764236
TUV,2012,7076527.76230795
TUV,2013,7093247.96174329
TUV,2014,7182889.80516759
TUV,2015,6966174.44603471
TUV,2016,6966174.44603471
TUV,2017,6966174.44603471
TUV,2018,6966174.44603471
TUV,2019,6966174.44603471
TZA,2000,5300526199.09553
TZA,2001,5576376955.726
TZA,2002,5842150491.09294
TZA,2003,6017843596.90671
TZA,2004,6294374160.5323
TZA,2005,6618743219.84563
TZA,2006,6846416046.22589
TZA,2007,7102197946.22413
TZA,2008,7615160279.33631
TZA,2009,7935987592.91994
TZA,2010,8190015656.28415
TZA,2011,8393526222.02865
TZA,2012,8676096745.18411
TZA,2013,8915273608.46039
TZA,2014,9529520346.89855
TZA,2015,10039766358.5803
TZA,2016,10517903149.8702
TZA,2017,11144747392.862
TZA,2018,11144747392.862
TZA,2019,11144747392.862
UGA,2000,6504133884.52408
UGA,2001,7015143133.73591
UGA,2002,7510882993.47603
UGA,2003,7671611122.22891
UGA,2004,7793483544.36128
UGA,2005,7953199642.31538
UGA,2006,7989671902.64087
UGA,2007,7999198610.41284
UGA,2008,8106855223.66709
UGA,2009,8374699961.14719
UGA,2010,8615636605.79848
UGA,2011,8883588374.76184
UGA,2012,8936370093.14088
UGA,2013,9102765568.5724
UGA,2014,9348330720.15857
UGA,2015,9567616031.89297
UGA,2016,9836402002.1915
UGA,2017,10107697326.0464
UGA,2018,10551449034.5196
UGA,2019,11117783552.8778
UKR,2000,7609087934.94694
UKR,2001,8385214918.33764
UKR,2002,8552919214.24712
UKR,2003,7706180198.3693
UKR,2004,9232003880.76225
UKR,2005,9268931889.36561
UKR,2006,9454310539.73417
UKR,2007,8981595003.40982
UKR,2008,10472539783.0579
UKR,2009,10263088990.7387
UKR,2010,10129668834.1146
UKR,2011,12095930164.5504
UKR,2012,11612436976.297
UKR,2013,13117812037.2228
UKR,2014,13421678512.4179
UKR,2015,12834144352.47
UKR,2016,13746038650.9087
UKR,2017,13423939204.2923
UKR,2018,14503272137.858
UKR,2019,14699018566.8896
URY,2000,2580107203.44223
URY,2001,2384409882.57589
URY,2002,2404094033.15763
URY,2003,2612306540.31431
URY,2004,2863014891.98897
URY,2005,2950924261.17466
URY,2006,3106180547.82145
URY,2007,2789506112.38469
URY,2008,2848991910.12308
URY,2009,2944187488.78232
URY,2010,2901314353.39193
URY,2011,3284897504.00179
URY,2012,3259176354.22174
URY,2013,3323765778.94354
URY,2014,3332676194.36369
URY,2015,3291027268.33598
URY,2016,3374742448.35686
URY,2017,3181914402.28035
URY,2018,3374362376.23581
URY,2019,3246474739.62468
UZB,2000,7422567319.09317
UZB,2001,7729709150.09584
UZB,2002,8193315996.07582
UZB,2003,8750806639.45682
UZB,2004,9480127486.53846
UZB,2005,10034981106.9574
UZB,2006,10748470814.1185
UZB,2007,11442348596.4488
UZB,2008,11982069218.7368
UZB,2009,12679772474.9347
UZB,2010,13397928993.43
UZB,2011,14212347154.8594
UZB,2012,15201972209.6535
UZB,2013,16180906720.35
UZB,2014,17149101547.9528
UZB,2015,18195578919.6452
UZB,2016,19317915730.9459
UZB,2017,19540392482.7788
UZB,2018,19589939364.6655
UZB,2019,20088733446.7347
VCT,2000,40746271.97573
VCT,2001,37968005.7135634
VCT,2002,42333792.1248894
VCT,2003,40196338.0735685
VCT,2004,38696633.9780053
VCT,2005,39560566.8057136
VCT,2006,40949558.6019467
VCT,2007,45510387.1065605
VCT,2008,43837783.3775755
VCT,2009,50397369.333839
VCT,2010,41411111.1111111
VCT,2011,41345154.8476804
VCT,2012,41773870.5599798
VCT,2013,44270786.2469978
VCT,2014,45495688.2821388
VCT,2015,43889182.1514347
VCT,2016,46739434.9639742
VCT,2017,48859457.7171028
VCT,2018,50244539.2491467
VCT,2019,49721600.303375
VEN,2000,16879467970.5413
VEN,2001,17223305974.2487
VEN,2002,17085506202.3037
VEN,2003,16861872441.0216
VEN,2004,17600310913.5816
VEN,2005,19331334881.9997
VEN,2006,19531292774.5305
VEN,2007,20036805643.6798
VEN,2008,20735160097.4518
VEN,2009,20942513212.5344
VEN,2010,21135131665.4422
VEN,2011,20961989423.6513
VEN,2012,21377046289.3685
VEN,2013,21015485252.3042
VEN,2014,20056026847.1225
VEN,2015,20056026847.1225
VEN,2016,20056026847.1225
VEN,2017,20056026847.1225
VEN,2018,20056026847.1225
VEN,2019,20056026847.1225
VGB,2000,0.0
VGB,2001,0.0
VGB,2002,0.0
VGB,2003,0.0
VGB,2004,0.0
VGB,2005,0.0
VGB,2006,0.0
VGB,2007,0.0
VGB,2008,0.0
VGB,2009,0.0
VGB,2010,0.0
VGB,2011,0.0
VGB,2012,0.0
VGB,2013,0.0
VGB,2014,0.0
VGB,2015,0.0
VGB,2016,0.0
VGB,2017,0.0
VGB,2018,0.0
VGB,2019,0.0
VIR,2000,0.0
VIR,2001,0.0
VIR,2002,0.0
VIR,2003,0.0
VIR,2004,0.0
VIR,2005,0.0
VIR,2006,0.0
VIR,2007,0.0
VIR,2008,0.0
VIR,2009,0.0
VIR,2010,0.0
VIR,2011,0.0
VIR,2012,0.0
VIR,2013,0.0
VIR,2014,0.0
VIR,2015,0.0
VIR,2016,0.0
VIR,2017,0.0
VIR,2018,0.0
VIR,2019,0.0
VNM,2000,15179834764.9619
VNM,2001,15661274624.4118
VNM,2002,16317002052.6659
VNM,2003,16922925357.5287
VNM,2004,17677347688.3395
VNM,2005,18417908677.3649
VNM,2006,19117422902.3439
VNM,2007,19873564469.3451
VNM,2008,20806088924.2576
VNM,2009,21203447388.7695
VNM,2010,21306494107.9331
VNM,2011,22208663298.8585
VNM,2012,22857567508.4819
VNM,2013,23459085270.6067
VNM,2014,24265890579.0945
VNM,2015,24850269705.446
VNM,2016,25187508629.424
VNM,2017,25918398914.8783
VNM,2018,26893528191.6348
VNM,2019,27434281699.6543
VUT,2000,113840692.242794
VUT,2001,113497415.641213
VUT,2002,115162942.856291
VUT,2003,119472971.298362
VUT,2004,124927255.079036
VUT,2005,127826035.270164
VUT,2006,129682271.708342
VUT,2007,134233865.166341
VUT,2008,137666631.18215
VUT,2009,138569321.504826
VUT,2010,145244144.313343
VUT,2011,154054910.420587
VUT,2012,157474962.488189
VUT,2013,165001619.826556
VUT,2014,171956149.495621
VUT,2015,171956149.495621
VUT,2016,171956149.495621
VUT,2017,171956149.495621
VUT,2018,171956149.495621
VUT,2019,171956149.495621
WSM,2000,89025213.5224568
WSM,2001,86240703.3247216
WSM,2002,86150640.7722692
WSM,2003,80672316.6766886
WSM,2004,76611051.8505004
WSM,2005,80942433.917664
WSM,2006,77522310.248692
WSM,2007,82797553.4988678
WSM,2008,79449712.245918
WSM,2009,70875179.8381138
WSM,2010,69028686.263693
WSM,2011,66556050.2214011
WSM,2012,59942649.2577538
WSM,2013,61474839.3115558
WSM,2014,66177984.6669701
WSM,2015,65200323.6206451
WSM,2016,66444017.7577953
WSM,2017,77058407.1247227
WSM,2018,71008689.2981996
WSM,2019,66716106.6574639
XKX,2000,613148624.771841
XKX,2001,613148624.771841
XKX,2002,613148624.771841
XKX,2003,613148624.771841
XKX,2004,613148624.771841
XKX,2005,613148624.771841
XKX,2006,613148624.771841
XKX,2007,783642149.756413
XKX,2008,751638303.804014
XKX,2009,782864919.105294
XKX,2010,793848601.352247
XKX,2011,795768125.536072
XKX,2012,727760312.716228
XKX,2013,738040561.969845
XKX,2014,744018041.40336
XKX,2015,713529795.220643
XKX,2016,735535105.318728
XKX,2017,755345720.179234
XKX,2018,675113403.855776
XKX,2019,670126616.233474
YEM,2000,1929878061.07133
YEM,2001,1978033706.24841
YEM,2002,2010802540.64209
YEM,2003,2038025359.72042
YEM,2004,2024870481.92977
YEM,2005,2073736287.60455
YEM,2006,2150907061.68748
YEM,2007,2264905135.95692
YEM,2008,2373620583.29446
YEM,2009,2416345752.88746
YEM,2010,2522664966.52853
YEM,2011,2207331846.13518
YEM,2012,2295625120.11585
YEM,2013,2387450123.70307
YEM,2014,2411324623.9594
YEM,2015,2109745895.46714
YEM,2016,1887311889.65033
YEM,2017,1763560680.77198
YEM,2018,1713909025.01732
YEM,2019,1748187305.54884
ZAF,2000,7329695283.08949
ZAF,2001,7087815336.61673
ZAF,2002,7548523330.42353
ZAF,2003,7599934024.42068
ZAF,2004,7665250900.71695
ZAF,2005,7880628016.60807
ZAF,2006,7450126627.48414
ZAF,2007,7672077966.64977
ZAF,2008,9161344007.46031
ZAF,2009,8987985568.75294
ZAF,2010,8960990930.44856
ZAF,2011,9139675783.65683
ZAF,2012,9300844586.42746
ZAF,2013,9717513060.39176
ZAF,2014,10378446856.1906
ZAF,2015,9768268980.55109
ZAF,2016,8783451538.75883
ZAF,2017,10634525875.9528
ZAF,2018,10129141058.3895
ZAF,2019,9431398515.53692
ZMB,2000,2347458985.63716
ZMB,2001,2250960476.12099
ZMB,2002,2171590419.21161
ZMB,2003,2231415480.18595
ZMB,2004,2267016760.12591
ZMB,2005,2186489670.8428
ZMB,2006,2155322298.88891
ZMB,2007,2072858935.60693
ZMB,2008,2017821954.9311
ZMB,2009,2030596693.83586
ZMB,2010,1909207437.82702
ZMB,2011,2057720122.57406
ZMB,2012,2127376352.37956
ZMB,2013,2045618936.44077
ZMB,2014,2067291780.45069
ZMB,2015,1907352984.09456
ZMB,2016,1978297388.00525
ZMB,2017,2171938733.81835
ZMB,2018,1712076045.94442
ZMB,2019,1843822309.31188
ZWE,2000,2563772627.08598
ZWE,2001,2922700809.58337
ZWE,2002,2221252582.19632
ZWE,2003,1888064736.22567
ZWE,2004,1718138902.61269
ZWE,2005,1632231902.33699
ZWE,2006,1566942629.91985
ZWE,2007,1457256711.08045
ZWE,2008,884554833.827669
ZWE,2009,1079235929.3351
ZWE,2010,1157186600.0
ZWE,2011,1173449981.81879
ZWE,2012,1265401891.9322
ZWE,2013,1232872646.76681
ZWE,2014,1516429017.44493
ZWE,2015,1437486011.38118
ZWE,2016,1381676359.01667
ZWE,2017,1519843967.34581
ZWE,2018,1797975442.50506
ZWE,2019,1797975442.50506
